50000 58 10
75       10762 1779 0 0 0 0 0 0 0 0 
4.9       7923 2839 1779 0 0 0 0 0 0 0 
2.1168       6265 4497 1779 0 0 0 0 0 0 0 
0.2832       6265 1658 2839 1779 0 0 0 0 0 0 
0.42       5662 6879 0 0 0 0 0 0 0 0 
0.1638       5662 5100 1779 0 0 0 0 0 0 0 
0.0162       5662 2261 2839 1779 0 0 0 0 0 0 
0.2961       5653 5109 1779 0 0 0 0 0 0 0 
0.0039       5653 2270 2839 1779 0 0 0 0 0 0 
6.3923       4742 6020 1779 0 0 0 0 0 0 0 
0.1261       4742 3181 2839 1779 0 0 0 0 0 0 
2.78906       4742 1523 4497 1779 0 0 0 0 0 0 
0.37314       4742 1523 1658 2839 1779 0 0 0 0 0 
0.0095739       4742 911 5109 1779 0 0 0 0 0 0 
3.5028       4608 7933 0 0 0 0 0 0 0 0 
0.231       4608 6154 1779 0 0 0 0 0 0 0 
0.1974       4608 3315 2839 1779 0 0 0 0 0 0 
0.168       4608 2953 3201 1779 0 0 0 0 0 0 
0.0889056       4608 1657 4497 1779 0 0 0 0 0 0 
0.0118944       4608 1657 1658 2839 1779 0 0 0 0 0 
0.264       3952 6810 1779 0 0 0 0 0 0 0 
0.0129       3952 3971 2839 1779 0 0 0 0 0 0 
0.0182574       3952 2313 4497 1779 0 0 0 0 0 0 
0.0024426       3952 2313 1658 2839 1779 0 0 0 0 0 
0.1848       3376 7386 1779 0 0 0 0 0 0 0 
0.1236       3376 4547 2839 1779 0 0 0 0 0 0 
0.00532       3376 2286 6879 0 0 0 0 0 0 0 
0.0020748       3376 2286 5100 1779 0 0 0 0 0 0 
0.0114492       3376 2277 5109 1779 0 0 0 0 0 0 
0.019602       3376 1784 7381 0 0 0 0 0 0 0 
0.034236       3376 1784 5602 1779 0 0 0 0 0 0 
0.01692       3376 1749 7416 0 0 0 0 0 0 0 
0.00108       3376 1749 5637 1779 0 0 0 0 0 0 
0.1287       3124 7638 1779 0 0 0 0 0 0 0 
0.1404       3124 4799 2839 1779 0 0 0 0 0 0 
0.0103194       3124 3141 4497 1779 0 0 0 0 0 0 
0.0013806       3124 3141 1658 2839 1779 0 0 0 0 0 
0.0719523       3124 2529 5109 1779 0 0 0 0 0 0 
0.0016335       3124 2036 7381 0 0 0 0 0 0 0 
0.002853       3124 2036 5602 1779 0 0 0 0 0 0 
0.047376       3124 2001 7416 0 0 0 0 0 0 0 
0.003024       3124 2001 5637 1779 0 0 0 0 0 0 
0.255033       3124 1618 6020 1779 0 0 0 0 0 0 
0.005031       3124 1618 3181 2839 1779 0 0 0 0 0 
0.111275       3124 1618 1523 4497 1779 0 0 0 0 0 
0.0148871       3124 1618 1523 1658 2839 1779 0 0 0 0 
0.0870696       3124 1484 7933 0 0 0 0 0 0 0 
0.005742       3124 1484 6154 1779 0 0 0 0 0 0 
0.0049068       3124 1484 3315 2839 1779 0 0 0 0 0 
0.004176       3124 1484 2953 3201 1779 0 0 0 0 0 
0.00220994       3124 1484 1657 4497 1779 0 0 0 0 0 
1.1102       3061 9480 0 0 0 0 0 0 0 0 
0.0338       3061 7701 1779 0 0 0 0 0 0 0 
0.0832       3061 4862 2839 1779 0 0 0 0 0 0 
0.0585       3061 4500 3201 1779 0 0 0 0 0 0 
0.0028314       3061 2099 7381 0 0 0 0 0 0 0 
0.0049452       3061 2099 5602 1779 0 0 0 0 0 0 
0.00611       3061 2064 7416 0 0 0 0 0 0 0 

