0.2       10884 1779 0 0 0 0 0 0 0 0 
0.8       8045 2839 1779 0 0 0 0 0 0 0 
25.578       6387 4497 1779 0 0 0 0 0 0 0 
3.422       6387 1658 2839 1779 0 0 0 0 0 0 
0.49       5784 6879 0 0 0 0 0 0 0 0 
0.1911       5784 5100 1779 0 0 0 0 0 0 0 
0.0189       5784 2261 2839 1779 0 0 0 0 0 0 
4.935       5775 5109 1779 0 0 0 0 0 0 0 
0.065       5775 2270 2839 1779 0 0 0 0 0 0 
7.695       4250 6634 1779 0 0 0 0 0 0 0 
1.26       4250 3795 2839 1779 0 0 0 0 0 0 
25.2315       4250 1534 6879 0 0 0 0 0 0 0 
9.84029       4250 1534 5100 1779 0 0 0 0 0 0 
0.973215       4250 1534 2261 2839 1779 0 0 0 0 0 
12.32       4074 6810 1779 0 0 0 0 0 0 0 
0.602       4074 3971 2839 1779 0 0 0 0 0 0 
0.852012       4074 2313 4497 1779 0 0 0 0 0 0 
0.113988       4074 2313 1658 2839 1779 0 0 0 0 0 
0.041454       4074 1701 5109 1779 0 0 0 0 0 0 
0.04613       4074 790 6020 1779 0 0 0 0 0 0 
0.0201272       4074 790 1523 4497 1779 0 0 0 0 0 
0.00269276       4074 790 1523 1658 2839 1779 0 0 0 0 
0.488       3718 4327 2839 1779 0 0 0 0 0 0 
0.307944       3718 2057 5109 1779 0 0 0 0 0 0 
0.004056       3718 2057 2270 2839 1779 0 0 0 0 0 
0.15       2961 7923 1779 0 0 0 0 0 0 0 
0.225       2961 5084 2839 1779 0 0 0 0 0 0 
0.2415       2961 2823 6879 0 0 0 0 0 0 0 
0.094185       2961 2823 5100 1779 0 0 0 0 0 0 
0.009315       2961 2823 2261 2839 1779 0 0 0 0 0 
0.103635       2961 2814 5109 1779 0 0 0 0 0 0 
0.001365       2961 2814 2270 2839 1779 0 0 0 0 0 
0.115425       2961 1289 6634 1779 0 0 0 0 0 0 
0.0189       2961 1289 3795 2839 1779 0 0 0 0 0 
0.378472       2961 1289 1534 6879 0 0 0 0 0 0 
0.147604       2961 1289 1534 5100 1779 0 0 0 0 0 
0.0145982       2961 1289 1534 2261 2839 1779 0 0 0 0 
0.791154       1228 5159 4497 1779 0 0 0 0 0 0 
0.105846       1228 5159 1658 2839 1779 0 0 0 0 0 
0.645498       1228 4547 5109 1779 0 0 0 0 0 0 
0.008502       1228 4547 2270 2839 1779 0 0 0 0 0 
0.028728       1228 3022 6634 1779 0 0 0 0 0 0 
0.004704       1228 3022 3795 2839 1779 0 0 0 0 0 
0.0941976       1228 3022 1534 6879 0 0 0 0 0 0 
0.0367371       1228 3022 1534 5100 1779 0 0 0 0 0 
0.00363334       1228 3022 1534 2261 2839 1779 0 0 0 0 
0.913353       1228 2119 7537 1779 0 0 0 0 0 0 
0.298278       1228 2119 3040 4497 1779 0 0 0 0 0 
0.0399057       1228 2119 3040 1658 2839 1779 0 0 0 0 
0.014351       1228 2119 1517 6020 1779 0 0 0 0 0 
0.00626158       1228 2119 1517 1523 4497 1779 0 0 0 0 
0.00676368       1228 2119 727 6810 1779 0 0 0 0 0 
