100000 21 10
2       11777 1779 0 0 0 0 0 0 0 0 
49       8938 2839 1779 0 0 0 0 0 0 0 
31.584       6668 5109 1779 0 0 0 0 0 0 0 
0.416       6668 2270 2839 1779 0 0 0 0 0 0 
8.272       4967 6810 1779 0 0 0 0 0 0 0 
0.4042       4967 3971 2839 1779 0 0 0 0 0 0 
0.572065       4967 2313 4497 1779 0 0 0 0 0 0 
0.0765348       4967 2313 1658 2839 1779 0 0 0 0 0 
0.0278334       4967 1701 5109 1779 0 0 0 0 0 0 
0.030973       4967 790 6020 1779 0 0 0 0 0 0 
0.013514       4967 790 1523 4497 1779 0 0 0 0 0 
0.001808       4967 790 1523 1658 2839 1779 0 0 0 0 
1.0564       3138 5800 2839 1779 0 0 0 0 0 0 
4.90674       3138 4142 4497 1779 0 0 0 0 0 0 
0.656458       3138 4142 1658 2839 1779 0 0 0 0 0 
0.6226       3138 3530 5109 1779 0 0 0 0 0 0 
0.0082004       3138 3530 2270 2839 1779 0 0 0 0 0 
0.225378       3138 2619 6020 1779 0 0 0 0 0 0 
0.004446       3138 2619 3181 2839 1779 0 0 0 0 0 
0.0983359       3138 2619 1523 4497 1779 0 0 0 0 0 
0.0131561       3138 2619 1523 1658 2839 1779 0 0 0 0 
