89       11930 1779 0 0 0 0 0 0 0 0 
0.9       9091 2839 1779 0 0 0 0 0 0 0 
0.9702       7433 4497 1779 0 0 0 0 0 0 0 
0.1298       7433 1658 2839 1779 0 0 0 0 0 0 
1.4805       6821 5109 1779 0 0 0 0 0 0 0 
0.0195       6821 2270 2839 1779 0 0 0 0 0 0 
0.5445       6328 7381 0 0 0 0 0 0 0 0 
0.951       6328 5602 1779 0 0 0 0 0 0 0 
0.0045       6328 2401 3201 1779 0 0 0 0 0 0 
2.35       6293 7416 0 0 0 0 0 0 0 0 
0.15       6293 5637 1779 0 0 0 0 0 0 0 
0.045       5450 8259 0 0 0 0 0 0 0 0 
0.35       5450 6480 1779 0 0 0 0 0 0 0 
0.02       5450 3641 2839 1779 0 0 0 0 0 0 
0.085       5450 3279 3201 1779 0 0 0 0 0 0 
2.64       5120 6810 1779 0 0 0 0 0 0 0 
0.129       5120 3971 2839 1779 0 0 0 0 0 0 
0.182574       5120 2313 4497 1779 0 0 0 0 0 0 
0.024426       5120 2313 1658 2839 1779 0 0 0 0 0 
0.008883       5120 1701 5109 1779 0 0 0 0 0 0 
0.009885       5120 790 6020 1779 0 0 0 0 0 0 
0.00431298       5120 790 1523 4497 1779 0 0 0 0 0 
