8.4       11928 1779 0 0 0 0 0 0 0 0 
28       9089 2839 1779 0 0 0 0 0 0 0 
8.4672       7431 4497 1779 0 0 0 0 0 0 0 
1.1328       7431 1658 2839 1779 0 0 0 0 0 0 
11.844       6819 5109 1779 0 0 0 0 0 0 0 
0.156       6819 2270 2839 1779 0 0 0 0 0 0 
0.363       6326 7381 0 0 0 0 0 0 0 0 
0.634       6326 5602 1779 0 0 0 0 0 0 0 
0.003       6326 2401 3201 1779 0 0 0 0 0 0 
2.3065       5908 6020 1779 0 0 0 0 0 0 0 
0.0455       5908 3181 2839 1779 0 0 0 0 0 0 
1.00636       5908 1523 4497 1779 0 0 0 0 0 0 
0.134638       5908 1523 1658 2839 1779 0 0 0 0 0 
0.0034545       5908 911 5109 1779 0 0 0 0 0 0 
0.1881       5294 6634 1779 0 0 0 0 0 0 0 
0.0308       5294 3795 2839 1779 0 0 0 0 0 0 
0.61677       5294 1534 6879 0 0 0 0 0 0 0 
0.24054       5294 1534 5100 1779 0 0 0 0 0 0 
0.0237897       5294 1534 2261 2839 1779 0 0 0 0 0 
7.854       4542 7386 1779 0 0 0 0 0 0 0 
5.253       4542 4547 2839 1779 0 0 0 0 0 0 
0.2261       4542 2286 6879 0 0 0 0 0 0 0 
0.088179       4542 2286 5100 1779 0 0 0 0 0 0 
0.008721       4542 2286 2261 2839 1779 0 0 0 0 0 
0.486591       4542 2277 5109 1779 0 0 0 0 0 0 
0.006409       4542 2277 2270 2839 1779 0 0 0 0 0 
0.833085       4542 1784 7381 0 0 0 0 0 0 0 
1.45503       4542 1784 5602 1779 0 0 0 0 0 0 
0.006885       4542 1784 2401 3201 1779 0 0 0 0 0 
0.7191       4542 1749 7416 0 0 0 0 0 0 0 
0.0459       4542 1749 5637 1779 0 0 0 0 0 0 
1.716       4290 7638 1779 0 0 0 0 0 0 0 
1.872       4290 4799 2839 1779 0 0 0 0 0 0 
0.137592       4290 3141 4497 1779 0 0 0 0 0 0 
0.018408       4290 3141 1658 2839 1779 0 0 0 0 0 
0.959364       4290 2529 5109 1779 0 0 0 0 0 0 
0.012636       4290 2529 2270 2839 1779 0 0 0 0 0 
0.02178       4290 2036 7381 0 0 0 0 0 0 0 
0.03804       4290 2036 5602 1779 0 0 0 0 0 0 
0.63168       4290 2001 7416 0 0 0 0 0 0 0 
0.04032       4290 2001 5637 1779 0 0 0 0 0 0 
3.40044       4290 1618 6020 1779 0 0 0 0 0 0 
0.06708       4290 1618 3181 2839 1779 0 0 0 0 0 
1.48367       4290 1618 1523 4497 1779 0 0 0 0 0 
0.198495       4290 1618 1523 1658 2839 1779 0 0 0 0 
0.00509292       4290 1618 911 5109 1779 0 0 0 0 0 
1.16093       4290 1484 7933 0 0 0 0 0 0 0 
0.07656       4290 1484 6154 1779 0 0 0 0 0 0 
0.065424       4290 1484 3315 2839 1779 0 0 0 0 0 
0.05568       4290 1484 2953 3201 1779 0 0 0 0 0 
0.0294659       4290 1484 1657 4497 1779 0 0 0 0 0 
0.00394214       4290 1484 1657 1658 2839 1779 0 0 0 0 
0.29       4005 7923 1779 0 0 0 0 0 0 0 
0.435       4005 5084 2839 1779 0 0 0 0 0 0 
0.4669       4005 2823 6879 0 0 0 0 0 0 0 
0.182091       4005 2823 5100 1779 0 0 0 0 0 0 
0.018009       4005 2823 2261 2839 1779 0 0 0 0 0 
0.200361       4005 2814 5109 1779 0 0 0 0 0 0 
0.002639       4005 2814 2270 2839 1779 0 0 0 0 0 
0.223155       4005 1289 6634 1779 0 0 0 0 0 0 
0.03654       4005 1289 3795 2839 1779 0 0 0 0 0 
0.731714       4005 1289 1534 6879 0 0 0 0 0 0 
0.285368       4005 1289 1534 5100 1779 0 0 0 0 0 
0.0282232       4005 1289 1534 2261 2839 1779 0 0 0 0 
1.8       3396 8532 1779 0 0 0 0 0 0 0 
2.25       3396 5693 2839 1779 0 0 0 0 0 0 
0.3969       3396 4035 4497 1779 0 0 0 0 0 0 
0.0531       3396 4035 1658 2839 1779 0 0 0 0 0 
