100000 40 10
1.6       13806 0 0 0 0 0 0 0 0 0 
48       12027 1779 0 0 0 0 0 0 0 0 
39       9188 2839 1779 0 0 0 0 0 0 0 
3.3516       7530 4497 1779 0 0 0 0 0 0 0 
0.4484       7530 1658 2839 1779 0 0 0 0 0 0 
1.281       4326 9480 0 0 0 0 0 0 0 0 
0.039       4326 7701 1779 0 0 0 0 0 0 0 
0.096       4326 4862 2839 1779 0 0 0 0 0 0 
0.0675       4326 4500 3201 1779 0 0 0 0 0 0 
0.003267       4326 2099 7381 0 0 0 0 0 0 0 
0.005706       4326 2099 5602 1779 0 0 0 0 0 0 
0.00705       4326 2064 7416 0 0 0 0 0 0 0 
1.0353       3430 8597 1779 0 0 0 0 0 0 0 
1.1679       3430 5758 2839 1779 0 0 0 0 0 0 
1.30448       3430 4100 4497 1779 0 0 0 0 0 0 
0.174522       3430 4100 1658 2839 1779 0 0 0 0 0 
0.307056       3430 3488 5109 1779 0 0 0 0 0 0 
0.0040443       3430 3488 2270 2839 1779 0 0 0 0 0 
0.973896       3430 1787 6810 1779 0 0 0 0 0 0 
0.0475881       3430 1787 3971 2839 1779 0 0 0 0 0 
0.0673515       3430 1787 2313 4497 1779 0 0 0 0 0 
0.00901075       3430 1787 2313 1658 2839 1779 0 0 0 0 
0.00327694       3430 1787 1701 5109 1779 0 0 0 0 0 
0.00364658       3430 1787 790 6020 1779 0 0 0 0 0 
0.00159106       3430 1787 790 1523 4497 1779 0 0 0 0 
0.263718       2371 5159 4497 1779 0 0 0 0 0 0 
0.035282       2371 5159 1658 2839 1779 0 0 0 0 0 
0.215166       2371 4547 5109 1779 0 0 0 0 0 0 
0.002834       2371 4547 2270 2839 1779 0 0 0 0 0 
0.009576       2371 3022 6634 1779 0 0 0 0 0 0 
0.001568       2371 3022 3795 2839 1779 0 0 0 0 0 
0.0313992       2371 3022 1534 6879 0 0 0 0 0 0 
0.0122457       2371 3022 1534 5100 1779 0 0 0 0 0 
0.00121111       2371 3022 1534 2261 2839 1779 0 0 0 0 
0.304451       2371 2119 7537 1779 0 0 0 0 0 0 
0.0994261       2371 2119 3040 4497 1779 0 0 0 0 0 
0.0133019       2371 2119 3040 1658 2839 1779 0 0 0 0 
0.00478368       2371 2119 1517 6020 1779 0 0 0 0 0 
0.00208719       2371 2119 1517 1523 4497 1779 0 0 0 0 
0.00225456       2371 2119 727 6810 1779 0 0 0 0 0 
