100000 20 10
62       12082 1779 0 0 0 0 0 0 0 0 
2       9243 2839 1779 0 0 0 0 0 0 0 
10.584       7585 4497 1779 0 0 0 0 0 0 0 
1.416       7585 1658 2839 1779 0 0 0 0 0 0 
3.15       6982 6879 0 0 0 0 0 0 0 0 
1.2285       6982 5100 1779 0 0 0 0 0 0 0 
0.1215       6982 2261 2839 1779 0 0 0 0 0 0 
5.64       6445 7416 0 0 0 0 0 0 0 0 
0.36       6445 5637 1779 0 0 0 0 0 0 0 
3.6245       6062 6020 1779 0 0 0 0 0 0 0 
0.0715       6062 3181 2839 1779 0 0 0 0 0 0 
1.58143       6062 1523 4497 1779 0 0 0 0 0 0 
0.211574       6062 1523 1658 2839 1779 0 0 0 0 0 
0.0054285       6062 911 5109 1779 0 0 0 0 0 0 
6.672       5928 7933 0 0 0 0 0 0 0 0 
0.44       5928 6154 1779 0 0 0 0 0 0 0 
0.376       5928 3315 2839 1779 0 0 0 0 0 0 
0.32       5928 2953 3201 1779 0 0 0 0 0 0 
0.169344       5928 1657 4497 1779 0 0 0 0 0 0 
0.022656       5928 1657 1658 2839 1779 0 0 0 0 0 
