100000 62 10
0.6       13814 0 0 0 0 0 0 0 0 0 
15       12035 1779 0 0 0 0 0 0 0 0 
7.5       9196 2839 1779 0 0 0 0 0 0 0 
14.994       7538 4497 1779 0 0 0 0 0 0 0 
2.006       7538 1658 2839 1779 0 0 0 0 0 0 
11.616       6433 7381 0 0 0 0 0 0 0 0 
20.288       6433 5602 1779 0 0 0 0 0 0 0 
0.096       6433 2401 3201 1779 0 0 0 0 0 0 
0.405       5555 8259 0 0 0 0 0 0 0 0 
3.15       5555 6480 1779 0 0 0 0 0 0 0 
0.18       5555 3641 2839 1779 0 0 0 0 0 0 
0.765       5555 3279 3201 1779 0 0 0 0 0 0 
3.96       5225 6810 1779 0 0 0 0 0 0 0 
0.1935       5225 3971 2839 1779 0 0 0 0 0 0 
0.273861       5225 2313 4497 1779 0 0 0 0 0 0 
0.036639       5225 2313 1658 2839 1779 0 0 0 0 0 
0.0133245       5225 1701 5109 1779 0 0 0 0 0 0 
0.0148275       5225 790 6020 1779 0 0 0 0 0 0 
0.00646947       5225 790 1523 4497 1779 0 0 0 0 0 
4.158       4649 7386 1779 0 0 0 0 0 0 0 
2.781       4649 4547 2839 1779 0 0 0 0 0 0 
0.1197       4649 2286 6879 0 0 0 0 0 0 0 
0.046683       4649 2286 5100 1779 0 0 0 0 0 0 
0.004617       4649 2286 2261 2839 1779 0 0 0 0 0 
0.257607       4649 2277 5109 1779 0 0 0 0 0 0 
0.003393       4649 2277 2270 2839 1779 0 0 0 0 0 
0.441045       4649 1784 7381 0 0 0 0 0 0 0 
0.77031       4649 1784 5602 1779 0 0 0 0 0 0 
0.003645       4649 1784 2401 3201 1779 0 0 0 0 0 
0.3807       4649 1749 7416 0 0 0 0 0 0 0 
0.0243       4649 1749 5637 1779 0 0 0 0 0 0 
0.6149       4397 7638 1779 0 0 0 0 0 0 0 
0.6708       4397 4799 2839 1779 0 0 0 0 0 0 
0.0493038       4397 3141 4497 1779 0 0 0 0 0 0 
0.0065962       4397 3141 1658 2839 1779 0 0 0 0 0 
0.343772       4397 2529 5109 1779 0 0 0 0 0 0 
0.0045279       4397 2529 2270 2839 1779 0 0 0 0 0 
0.0078045       4397 2036 7381 0 0 0 0 0 0 0 
0.013631       4397 2036 5602 1779 0 0 0 0 0 0 
0.226352       4397 2001 7416 0 0 0 0 0 0 0 
0.014448       4397 2001 5637 1779 0 0 0 0 0 0 
1.21849       4397 1618 6020 1779 0 0 0 0 0 0 
0.024037       4397 1618 3181 2839 1779 0 0 0 0 0 
0.531647       4397 1618 1523 4497 1779 0 0 0 0 0 
0.0711273       4397 1618 1523 1658 2839 1779 0 0 0 0 
0.00182496       4397 1618 911 5109 1779 0 0 0 0 0 
0.415999       4397 1484 7933 0 0 0 0 0 0 0 
0.027434       4397 1484 6154 1779 0 0 0 0 0 0 
0.0234436       4397 1484 3315 2839 1779 0 0 0 0 0 
0.019952       4397 1484 2953 3201 1779 0 0 0 0 0 
0.0105586       4397 1484 1657 4497 1779 0 0 0 0 0 
0.0014126       4397 1484 1657 1658 2839 1779 0 0 0 0 
2.3912       4334 9480 0 0 0 0 0 0 0 0 
0.0728       4334 7701 1779 0 0 0 0 0 0 0 
0.1792       4334 4862 2839 1779 0 0 0 0 0 0 
0.126       4334 4500 3201 1779 0 0 0 0 0 0 
0.0060984       4334 2099 7381 0 0 0 0 0 0 0 
0.0106512       4334 2099 5602 1779 0 0 0 0 0 0 
0.01316       4334 2064 7416 0 0 0 0 0 0 0 
0.9016       3300 10514 0 0 0 0 0 0 0 0 
1.7696       3300 8735 1779 0 0 0 0 0 0 0 
0.1288       3300 5534 3201 1779 0 0 0 0 0 0 
