100000 86 10
2       12233 1779 0 0 0 0 0 0 0 0 
88.2       9394 2839 1779 0 0 0 0 0 0 0 
0.9702       7736 4497 1779 0 0 0 0 0 0 0 
0.1298       7736 1658 2839 1779 0 0 0 0 0 0 
1.12       7133 6879 0 0 0 0 0 0 0 0 
0.4368       7133 5100 1779 0 0 0 0 0 0 0 
0.0432       7133 2261 2839 1779 0 0 0 0 0 0 
0.7896       7124 5109 1779 0 0 0 0 0 0 0 
0.0104       7124 2270 2839 1779 0 0 0 0 0 0 
0.2717       4595 7638 1779 0 0 0 0 0 0 0 
0.2964       4595 4799 2839 1779 0 0 0 0 0 0 
0.0217854       4595 3141 4497 1779 0 0 0 0 0 0 
0.0029146       4595 3141 1658 2839 1779 0 0 0 0 0 
0.151899       4595 2529 5109 1779 0 0 0 0 0 0 
0.0020007       4595 2529 2270 2839 1779 0 0 0 0 0 
0.0034485       4595 2036 7381 0 0 0 0 0 0 0 
0.006023       4595 2036 5602 1779 0 0 0 0 0 0 
0.100016       4595 2001 7416 0 0 0 0 0 0 0 
0.006384       4595 2001 5637 1779 0 0 0 0 0 0 
0.538403       4595 1618 6020 1779 0 0 0 0 0 0 
0.010621       4595 1618 3181 2839 1779 0 0 0 0 0 
0.234914       4595 1618 1523 4497 1779 0 0 0 0 0 
0.0314284       4595 1618 1523 1658 2839 1779 0 0 0 0 
0.183814       4595 1484 7933 0 0 0 0 0 0 0 
0.012122       4595 1484 6154 1779 0 0 0 0 0 0 
0.0103588       4595 1484 3315 2839 1779 0 0 0 0 0 
0.008816       4595 1484 2953 3201 1779 0 0 0 0 0 
0.00466543       4595 1484 1657 4497 1779 0 0 0 0 0 
0.2992       3803 8430 1779 0 0 0 0 0 0 0 
0.0868       3803 5591 2839 1779 0 0 0 0 0 0 
0.01316       3803 2793 7416 0 0 0 0 0 0 0 
0.0139       3594 5800 2839 1779 0 0 0 0 0 0 
0.0645624       3594 4142 4497 1779 0 0 0 0 0 0 
0.0086376       3594 4142 1658 2839 1779 0 0 0 0 0 
0.0081921       3594 3530 5109 1779 0 0 0 0 0 0 
0.0029655       3594 2619 6020 1779 0 0 0 0 0 0 
0.00129389       3594 2619 1523 4497 1779 0 0 0 0 0 
0.078       3344 8889 1779 0 0 0 0 0 0 0 
0.0936       3344 6050 2839 1779 0 0 0 0 0 0 
0.22244       3344 4392 4497 1779 0 0 0 0 0 0 
0.0297596       3344 4392 1658 2839 1779 0 0 0 0 0 
0.0179634       3344 3780 5109 1779 0 0 0 0 0 0 
0.0018876       3344 3287 7381 0 0 0 0 0 0 0 
0.0032968       3344 3287 5602 1779 0 0 0 0 0 0 
0.144196       3344 3252 7416 0 0 0 0 0 0 0 
0.009204       3344 3252 5637 1779 0 0 0 0 0 0 
0.0128505       3344 2869 6020 1779 0 0 0 0 0 0 
0.00560687       3344 2869 1523 4497 1779 0 0 0 0 0 
0.059631       3344 2735 7933 0 0 0 0 0 0 0 
0.0039325       3344 2735 6154 1779 0 0 0 0 0 0 
0.0033605       3344 2735 3315 2839 1779 0 0 0 0 0 
0.00286       3344 2735 2953 3201 1779 0 0 0 0 0 
0.00151351       3344 2735 1657 4497 1779 0 0 0 0 0 
0.00637       3344 2735 6480 1779 0 0 0 0 0 0 
0.001547       3344 2735 3279 3201 1779 0 0 0 0 0 
0.0039       3344 2124 3926 2839 1779 0 0 0 0 0 
0.059488       3344 2079 6810 1779 0 0 0 0 0 0 
0.0029068       3344 2079 3971 2839 1779 0 0 0 0 0 
0.004114       3344 2079 2313 4497 1779 0 0 0 0 0 
0.005551       3344 1723 4327 2839 1779 0 0 0 0 0 
0.00350286       3344 1723 2057 5109 1779 0 0 0 0 0 
0.363345       3344 1352 7537 1779 0 0 0 0 0 0 
0.118659       3344 1352 3040 4497 1779 0 0 0 0 0 
0.0158751       3344 1352 3040 1658 2839 1779 0 0 0 0 
0.00570905       3344 1352 1517 6020 1779 0 0 0 0 0 
0.00249095       3344 1352 1517 1523 4497 1779 0 0 0 0 
0.00269069       3344 1352 727 6810 1779 0 0 0 0 0 
0.0034827       3344 1352 7603 1779 0 0 0 0 0 0 
0.00110514       3344 1352 1618 6020 1779 0 0 0 0 0 
0.1527       3068 9165 1779 0 0 0 0 0 0 0 
0.0116523       3068 3563 7381 0 0 0 0 0 0 0 
0.0203514       3068 3563 5602 1779 0 0 0 0 0 0 
0.060348       3068 3528 7416 0 0 0 0 0 0 0 
0.003852       3068 3528 5637 1779 0 0 0 0 0 0 
0.003564       3068 2685 8259 0 0 0 0 0 0 0 
0.02772       3068 2685 6480 1779 0 0 0 0 0 0 
0.001584       3068 2685 3641 2839 1779 0 0 0 0 0 
0.006732       3068 2685 3279 3201 1779 0 0 0 0 0 
0.0094017       3068 1448 9496 0 0 0 0 0 0 0 
0.0016983       3068 1448 7717 1779 0 0 0 0 0 0 
0.0444       2747 11265 0 0 0 0 0 0 0 0 
0.3408       2747 9486 1779 0 0 0 0 0 0 0 
0.0104932       2747 1083 5564 2839 1779 0 0 0 0 0 
0.00150427       2747 1083 1017 7386 1779 0 0 0 0 0 
0.0010061       2747 1083 1017 4547 2839 1779 0 0 0 0 
1.9       2233 7161 2839 1779 0 0 0 0 0 0 
