100000 130 10
28.1       9546 2839 1779 0 0 0 0 0 0 0 
2.3814       7888 4497 1779 0 0 0 0 0 0 0 
0.3186       7888 1658 2839 1779 0 0 0 0 0 0 
20.727       7276 5109 1779 0 0 0 0 0 0 0 
0.273       7276 2270 2839 1779 0 0 0 0 0 0 
1.9111       6365 6020 1779 0 0 0 0 0 0 0 
0.0377       6365 3181 2839 1779 0 0 0 0 0 0 
0.833843       6365 1523 4497 1779 0 0 0 0 0 0 
0.111557       6365 1523 1658 2839 1779 0 0 0 0 0 
0.0028623       6365 911 5109 1779 0 0 0 0 0 0 
0.1881       5751 6634 1779 0 0 0 0 0 0 0 
0.0308       5751 3795 2839 1779 0 0 0 0 0 0 
0.61677       5751 1534 6879 0 0 0 0 0 0 0 
0.24054       5751 1534 5100 1779 0 0 0 0 0 0 
0.0237897       5751 1534 2261 2839 1779 0 0 0 0 0 
0.9       5620 3926 2839 1779 0 0 0 0 0 0 
19.642       5219 4327 2839 1779 0 0 0 0 0 0 
12.3947       5219 2057 5109 1779 0 0 0 0 0 0 
0.163254       5219 2057 2270 2839 1779 0 0 0 0 0 
0.4158       4999 7386 1779 0 0 0 0 0 0 0 
0.2781       4999 4547 2839 1779 0 0 0 0 0 0 
0.01197       4999 2286 6879 0 0 0 0 0 0 0 
0.0046683       4999 2286 5100 1779 0 0 0 0 0 0 
0.0257607       4999 2277 5109 1779 0 0 0 0 0 0 
0.0441045       4999 1784 7381 0 0 0 0 0 0 0 
0.077031       4999 1784 5602 1779 0 0 0 0 0 0 
0.03807       4999 1749 7416 0 0 0 0 0 0 0 
0.00243       4999 1749 5637 1779 0 0 0 0 0 0 
0.1287       4747 7638 1779 0 0 0 0 0 0 0 
0.1404       4747 4799 2839 1779 0 0 0 0 0 0 
0.0103194       4747 3141 4497 1779 0 0 0 0 0 0 
0.0013806       4747 3141 1658 2839 1779 0 0 0 0 0 
0.0719523       4747 2529 5109 1779 0 0 0 0 0 0 
0.0016335       4747 2036 7381 0 0 0 0 0 0 0 
0.002853       4747 2036 5602 1779 0 0 0 0 0 0 
0.047376       4747 2001 7416 0 0 0 0 0 0 0 
0.003024       4747 2001 5637 1779 0 0 0 0 0 0 
0.255033       4747 1618 6020 1779 0 0 0 0 0 0 
0.005031       4747 1618 3181 2839 1779 0 0 0 0 0 
0.111275       4747 1618 1523 4497 1779 0 0 0 0 0 
0.0148871       4747 1618 1523 1658 2839 1779 0 0 0 0 
0.0870696       4747 1484 7933 0 0 0 0 0 0 0 
0.005742       4747 1484 6154 1779 0 0 0 0 0 0 
0.0049068       4747 1484 3315 2839 1779 0 0 0 0 0 
0.004176       4747 1484 2953 3201 1779 0 0 0 0 0 
0.00220994       4747 1484 1657 4497 1779 0 0 0 0 0 
0.1421       3788 8597 1779 0 0 0 0 0 0 0 
0.1603       3788 5758 2839 1779 0 0 0 0 0 0 
0.179046       3788 4100 4497 1779 0 0 0 0 0 0 
0.023954       3788 4100 1658 2839 1779 0 0 0 0 0 
0.0421449       3788 3488 5109 1779 0 0 0 0 0 0 
0.133672       3788 1787 6810 1779 0 0 0 0 0 0 
0.0065317       3788 1787 3971 2839 1779 0 0 0 0 0 
0.00924433       3788 1787 2313 4497 1779 0 0 0 0 0 
0.00123677       3788 1787 2313 1658 2839 1779 0 0 0 0 
0.1946       3746 5800 2839 1779 0 0 0 0 0 0 
0.903874       3746 4142 4497 1779 0 0 0 0 0 0 
0.120926       3746 4142 1658 2839 1779 0 0 0 0 0 
0.114689       3746 3530 5109 1779 0 0 0 0 0 0 
0.0015106       3746 3530 2270 2839 1779 0 0 0 0 0 
0.041517       3746 2619 6020 1779 0 0 0 0 0 0 
0.0181145       3746 2619 1523 4497 1779 0 0 0 0 0 
0.00242348       3746 2619 1523 1658 2839 1779 0 0 0 0 
0.228       3496 8889 1779 0 0 0 0 0 0 0 
0.2736       3496 6050 2839 1779 0 0 0 0 0 0 
0.65021       3496 4392 4497 1779 0 0 0 0 0 0 
0.0869896       3496 4392 1658 2839 1779 0 0 0 0 0 
0.0525084       3496 3780 5109 1779 0 0 0 0 0 0 
0.0055176       3496 3287 7381 0 0 0 0 0 0 0 
0.0096368       3496 3287 5602 1779 0 0 0 0 0 0 
0.421496       3496 3252 7416 0 0 0 0 0 0 0 
0.026904       3496 3252 5637 1779 0 0 0 0 0 0 
0.037563       3496 2869 6020 1779 0 0 0 0 0 0 
0.0163893       3496 2869 1523 4497 1779 0 0 0 0 0 
0.00219268       3496 2869 1523 1658 2839 1779 0 0 0 0 
0.174306       3496 2735 7933 0 0 0 0 0 0 0 
0.011495       3496 2735 6154 1779 0 0 0 0 0 0 
0.009823       3496 2735 3315 2839 1779 0 0 0 0 0 
0.00836       3496 2735 2953 3201 1779 0 0 0 0 0 
0.00442411       3496 2735 1657 4497 1779 0 0 0 0 0 
0.002394       3496 2409 8259 0 0 0 0 0 0 0 
0.01862       3496 2409 6480 1779 0 0 0 0 0 0 
0.001064       3496 2409 3641 2839 1779 0 0 0 0 0 
0.004522       3496 2409 3279 3201 1779 0 0 0 0 0 
0.0114       3496 2124 3926 2839 1779 0 0 0 0 0 
0.173888       3496 2079 6810 1779 0 0 0 0 0 0 
0.0084968       3496 2079 3971 2839 1779 0 0 0 0 0 
0.0120255       3496 2079 2313 4497 1779 0 0 0 0 0 
0.00160886       3496 2079 2313 1658 2839 1779 0 0 0 0 
0.016226       3496 1723 4327 2839 1779 0 0 0 0 0 
0.0102391       3496 1723 2057 5109 1779 0 0 0 0 0 
1.06208       3496 1352 7537 1779 0 0 0 0 0 0 
0.34685       3496 1352 3040 4497 1779 0 0 0 0 0 
0.046404       3496 1352 3040 1658 2839 1779 0 0 0 0 
0.016688       3496 1352 1517 6020 1779 0 0 0 0 0 
0.00728123       3496 1352 1517 1523 4497 1779 0 0 0 0 
0.00786509       3496 1352 727 6810 1779 0 0 0 0 0 
0.0101802       3496 1352 7603 1779 0 0 0 0 0 0 
0.0016302       3496 1251 7638 1779 0 0 0 0 0 0 
0.0017784       3496 1251 4799 2839 1779 0 0 0 0 0 
0.00323042       3496 1251 1618 6020 1779 0 0 0 0 0 
0.00140948       3496 1251 1618 1523 4497 1779 0 0 0 0 
0.00110288       3496 1251 1484 7933 0 0 0 0 0 0 
0.6       3064 6482 2839 1779 0 0 0 0 0 0 
0.2334       2969 9416 1779 0 0 0 0 0 0 0 
0.1728       2969 6577 2839 1779 0 0 0 0 0 0 
0.0534492       2969 4919 4497 1779 0 0 0 0 0 0 
0.0071508       2969 4919 1658 2839 1779 0 0 0 0 0 
0.0193842       2969 3814 7381 0 0 0 0 0 0 0 
0.0338556       2969 3814 5602 1779 0 0 0 0 0 0 
0.0350796       2969 1879 7537 1779 0 0 0 0 0 0 
0.0114561       2969 1879 3040 4497 1779 0 0 0 0 0 
0.00153268       2969 1879 3040 1658 2839 1779 0 0 0 0 
0.016524       2969 1399 9796 0 0 0 0 0 0 0 
0.0128826       2969 1399 8017 1779 0 0 0 0 0 0 
0.0011934       2969 1399 4816 3201 1779 0 0 0 0 0 
0.07       2587 3033 3926 2839 1779 0 0 0 0 0 
0.093       2587 1875 7923 1779 0 0 0 0 0 0 
0.1395       2587 1875 5084 2839 1779 0 0 0 0 0 
0.14973       2587 1875 2823 6879 0 0 0 0 0 0 
0.0583947       2587 1875 2823 5100 1779 0 0 0 0 0 
0.0057753       2587 1875 2823 2261 2839 1779 0 0 0 0 
0.0642537       2587 1875 2814 5109 1779 0 0 0 0 0 
0.0715635       2587 1875 1289 6634 1779 0 0 0 0 0 
0.011718       2587 1875 1289 3795 2839 1779 0 0 0 0 
0.234653       2587 1875 1289 1534 6879 0 0 0 0 0 
0.0915147       2587 1875 1289 1534 5100 1779 0 0 0 0 
0.0090509       2587 1875 1289 1534 2261 2839 1779 0 0 0 
1.1316       2230 7316 2839 1779 0 0 0 0 0 0 
0.0675108       2230 5046 5109 1779 0 0 0 0 0 0 
