100000 103 10
72.3       12420 1779 0 0 0 0 0 0 0 0 
2.3       9581 2839 1779 0 0 0 0 0 0 0 
12.8772       7923 4497 1779 0 0 0 0 0 0 0 
1.7228       7923 1658 2839 1779 0 0 0 0 0 0 
0.3267       6818 7381 0 0 0 0 0 0 0 0 
0.5706       6818 5602 1779 0 0 0 0 0 0 0 
0.0027       6818 2401 3201 1779 0 0 0 0 0 0 
2.162       6783 7416 0 0 0 0 0 0 0 0 
0.138       6783 5637 1779 0 0 0 0 0 0 0 
0.834       6266 7933 0 0 0 0 0 0 0 0 
0.055       6266 6154 1779 0 0 0 0 0 0 0 
0.047       6266 3315 2839 1779 0 0 0 0 0 0 
0.04       6266 2953 3201 1779 0 0 0 0 0 0 
0.021168       6266 1657 4497 1779 0 0 0 0 0 0 
0.002832       6266 1657 1658 2839 1779 0 0 0 0 0 
0.081       5940 8259 0 0 0 0 0 0 0 0 
0.63       5940 6480 1779 0 0 0 0 0 0 0 
0.036       5940 3641 2839 1779 0 0 0 0 0 0 
0.153       5940 3279 3201 1779 0 0 0 0 0 0 
0.1026       5786 6634 1779 0 0 0 0 0 0 0 
0.0168       5786 3795 2839 1779 0 0 0 0 0 0 
0.33642       5786 1534 6879 0 0 0 0 0 0 0 
0.131204       5786 1534 5100 1779 0 0 0 0 0 0 
0.0129762       5786 1534 2261 2839 1779 0 0 0 0 0 
1.672       5610 6810 1779 0 0 0 0 0 0 0 
0.0817       5610 3971 2839 1779 0 0 0 0 0 0 
0.11563       5610 2313 4497 1779 0 0 0 0 0 0 
0.0154698       5610 2313 1658 2839 1779 0 0 0 0 0 
0.0056259       5610 1701 5109 1779 0 0 0 0 0 0 
0.0062605       5610 790 6020 1779 0 0 0 0 0 0 
0.00273155       5610 790 1523 4497 1779 0 0 0 0 0 
0.5082       5034 7386 1779 0 0 0 0 0 0 0 
0.3399       5034 4547 2839 1779 0 0 0 0 0 0 
0.01463       5034 2286 6879 0 0 0 0 0 0 0 
0.0057057       5034 2286 5100 1779 0 0 0 0 0 0 
0.0314853       5034 2277 5109 1779 0 0 0 0 0 0 
0.0539055       5034 1784 7381 0 0 0 0 0 0 0 
0.094149       5034 1784 5602 1779 0 0 0 0 0 0 
0.04653       5034 1749 7416 0 0 0 0 0 0 0 
0.00297       5034 1749 5637 1779 0 0 0 0 0 0 
0.4254       4017 5564 2839 1779 0 0 0 0 0 0 
0.0375732       4017 3906 4497 1779 0 0 0 0 0 0 
0.0050268       4017 3906 1658 2839 1779 0 0 0 0 0 
0.060984       4017 1017 7386 1779 0 0 0 0 0 0 
0.040788       4017 1017 4547 2839 1779 0 0 0 0 0 
0.0017556       4017 1017 2286 6879 0 0 0 0 0 0 
0.00377824       4017 1017 2277 5109 1779 0 0 0 0 0 
0.00646866       4017 1017 1784 7381 0 0 0 0 0 0 
0.0112979       4017 1017 1784 5602 1779 0 0 0 0 0 
0.0055836       4017 1017 1749 7416 0 0 0 0 0 0 
0.1316       3658 8762 1779 0 0 0 0 0 0 0 
0.04788       3658 3662 6879 0 0 0 0 0 0 0 
0.0186732       3658 3662 5100 1779 0 0 0 0 0 0 
0.0018468       3658 3662 2261 2839 1779 0 0 0 0 0 
0.03       3531 8889 1779 0 0 0 0 0 0 0 
0.036       3531 6050 2839 1779 0 0 0 0 0 0 
0.085554       3531 4392 4497 1779 0 0 0 0 0 0 
0.011446       3531 4392 1658 2839 1779 0 0 0 0 0 
0.006909       3531 3780 5109 1779 0 0 0 0 0 0 
0.001268       3531 3780 5602 1779 0 0 0 0 0 0 
0.05546       3531 3252 7416 0 0 0 0 0 0 0 
0.00354       3531 3252 5637 1779 0 0 0 0 0 0 
0.0049425       3531 2869 6020 1779 0 0 0 0 0 0 
0.00215649       3531 2869 1523 4497 1779 0 0 0 0 0 
0.022935       3531 2735 7933 0 0 0 0 0 0 0 
0.0015125       3531 2735 6154 1779 0 0 0 0 0 0 
0.0012925       3531 2735 3315 2839 1779 0 0 0 0 0 
0.0011       3531 2735 2953 3201 1779 0 0 0 0 0 
0.00245       3531 2735 6480 1779 0 0 0 0 0 0 
0.0015       3531 2124 3926 2839 1779 0 0 0 0 0 
0.02288       3531 2079 6810 1779 0 0 0 0 0 0 
0.001118       3531 2079 3971 2839 1779 0 0 0 0 0 
0.00158231       3531 2079 2313 4497 1779 0 0 0 0 0 
0.002135       3531 1723 4327 2839 1779 0 0 0 0 0 
0.00134726       3531 1723 2057 5109 1779 0 0 0 0 0 
0.139748       3531 1352 7537 1779 0 0 0 0 0 0 
0.0456382       3531 1352 3040 4497 1779 0 0 0 0 0 
0.00610579       3531 1352 3040 1658 2839 1779 0 0 0 0 
0.00219579       3531 1352 1517 6020 1779 0 0 0 0 0 
0.00103488       3531 1352 727 6810 1779 0 0 0 0 0 
0.0013395       3531 1352 7603 1779 0 0 0 0 0 0 
0.1527       3255 9165 1779 0 0 0 0 0 0 0 
0.0116523       3255 3563 7381 0 0 0 0 0 0 0 
0.0203514       3255 3563 5602 1779 0 0 0 0 0 0 
0.060348       3255 3528 7416 0 0 0 0 0 0 0 
0.003852       3255 3528 5637 1779 0 0 0 0 0 0 
0.003564       3255 2685 8259 0 0 0 0 0 0 0 
0.02772       3255 2685 6480 1779 0 0 0 0 0 0 
0.001584       3255 2685 3641 2839 1779 0 0 0 0 0 
0.006732       3255 2685 3279 3201 1779 0 0 0 0 0 
0.0094017       3255 1448 9496 0 0 0 0 0 0 0 
0.0016983       3255 1448 7717 1779 0 0 0 0 0 0 
0.1945       3004 9416 1779 0 0 0 0 0 0 0 
0.144       3004 6577 2839 1779 0 0 0 0 0 0 
0.044541       3004 4919 4497 1779 0 0 0 0 0 0 
0.005959       3004 4919 1658 2839 1779 0 0 0 0 0 
0.0161535       3004 3814 7381 0 0 0 0 0 0 0 
0.028213       3004 3814 5602 1779 0 0 0 0 0 0 
0.029233       3004 1879 7537 1779 0 0 0 0 0 0 
0.00954677       3004 1879 3040 4497 1779 0 0 0 0 0 
0.00127723       3004 1879 3040 1658 2839 1779 0 0 0 0 
0.01377       3004 1399 9796 0 0 0 0 0 0 0 
0.0107355       3004 1399 8017 1779 0 0 0 0 0 0 
