26.6364       8275 4497 1779 0 0 0 0 0 0 0 
3.5636       8275 1658 2839 1779 0 0 0 0 0 0 
12.74       7672 6879 0 0 0 0 0 0 0 0 
4.9686       7672 5100 1779 0 0 0 0 0 0 0 
0.4914       7672 2261 2839 1779 0 0 0 0 0 0 
7.0077       7663 5109 1779 0 0 0 0 0 0 0 
0.0923       7663 2270 2839 1779 0 0 0 0 0 0 
15.8819       6752 6020 1779 0 0 0 0 0 0 0 
0.3133       6752 3181 2839 1779 0 0 0 0 0 0 
6.92952       6752 1523 4497 1779 0 0 0 0 0 0 
0.927079       6752 1523 1658 2839 1779 0 0 0 0 0 
0.0237867       6752 911 5109 1779 0 0 0 0 0 0 
3.66       5606 4327 2839 1779 0 0 0 0 0 0 
2.30958       5606 2057 5109 1779 0 0 0 0 0 0 
0.03042       5606 2057 2270 2839 1779 0 0 0 0 0 
1.859       5134 7638 1779 0 0 0 0 0 0 0 
2.028       5134 4799 2839 1779 0 0 0 0 0 0 
0.149058       5134 3141 4497 1779 0 0 0 0 0 0 
0.019942       5134 3141 1658 2839 1779 0 0 0 0 0 
1.03931       5134 2529 5109 1779 0 0 0 0 0 0 
0.013689       5134 2529 2270 2839 1779 0 0 0 0 0 
0.023595       5134 2036 7381 0 0 0 0 0 0 0 
0.04121       5134 2036 5602 1779 0 0 0 0 0 0 
0.68432       5134 2001 7416 0 0 0 0 0 0 0 
0.04368       5134 2001 5637 1779 0 0 0 0 0 0 
3.68381       5134 1618 6020 1779 0 0 0 0 0 0 
0.07267       5134 1618 3181 2839 1779 0 0 0 0 0 
1.6073       5134 1618 1523 4497 1779 0 0 0 0 0 
0.215036       5134 1618 1523 1658 2839 1779 0 0 0 0 
0.00551733       5134 1618 911 5109 1779 0 0 0 0 0 
1.25767       5134 1484 7933 0 0 0 0 0 0 0 
0.08294       5134 1484 6154 1779 0 0 0 0 0 0 
0.070876       5134 1484 3315 2839 1779 0 0 0 0 0 
0.06032       5134 1484 2953 3201 1779 0 0 0 0 0 
0.0319213       5134 1484 1657 4497 1779 0 0 0 0 0 
0.00427066       5134 1484 1657 1658 2839 1779 0 0 0 0 
1.4       2772 7161 2839 1779 0 0 0 0 0 0 
