9       14555 0 0 0 0 0 0 0 0 0 
59.2       12776 1779 0 0 0 0 0 0 0 0 
20       9937 2839 1779 0 0 0 0 0 0 0 
3.572       7139 7416 0 0 0 0 0 0 0 0 
0.228       7139 5637 1779 0 0 0 0 0 0 0 
1.0008       6622 7933 0 0 0 0 0 0 0 0 
0.066       6622 6154 1779 0 0 0 0 0 0 0 
0.0564       6622 3315 2839 1779 0 0 0 0 0 0 
0.048       6622 2953 3201 1779 0 0 0 0 0 0 
0.0254016       6622 1657 4497 1779 0 0 0 0 0 0 
0.0033984       6622 1657 1658 2839 1779 0 0 0 0 0 
5.984       5966 6810 1779 0 0 0 0 0 0 0 
0.2924       5966 3971 2839 1779 0 0 0 0 0 0 
0.413834       5966 2313 4497 1779 0 0 0 0 0 0 
0.0553656       5966 2313 1658 2839 1779 0 0 0 0 0 
0.0201348       5966 1701 5109 1779 0 0 0 0 0 0 
0.022406       5966 790 6020 1779 0 0 0 0 0 0 
0.00977609       5966 790 1523 4497 1779 0 0 0 0 0 
0.00130791       5966 790 1523 1658 2839 1779 0 0 0 0 
