100000 78 10
27.9       9954 2839 1779 0 0 0 0 0 0 0 
12.5349       7684 5109 1779 0 0 0 0 0 0 0 
0.1651       7684 2270 2839 1779 0 0 0 0 0 0 
0.7866       6159 6634 1779 0 0 0 0 0 0 0 
0.1288       6159 3795 2839 1779 0 0 0 0 0 0 
2.57922       6159 1534 6879 0 0 0 0 0 0 0 
1.0059       6159 1534 5100 1779 0 0 0 0 0 0 
0.0994842       6159 1534 2261 2839 1779 0 0 0 0 0 
16.2       6028 3926 2839 1779 0 0 0 0 0 0 
7.442       5627 4327 2839 1779 0 0 0 0 0 0 
4.69615       5627 2057 5109 1779 0 0 0 0 0 0 
0.061854       5627 2057 2270 2839 1779 0 0 0 0 0 
1.848       5407 7386 1779 0 0 0 0 0 0 0 
1.236       5407 4547 2839 1779 0 0 0 0 0 0 
0.0532       5407 2286 6879 0 0 0 0 0 0 0 
0.020748       5407 2286 5100 1779 0 0 0 0 0 0 
0.002052       5407 2286 2261 2839 1779 0 0 0 0 0 
0.114492       5407 2277 5109 1779 0 0 0 0 0 0 
0.001508       5407 2277 2270 2839 1779 0 0 0 0 0 
0.19602       5407 1784 7381 0 0 0 0 0 0 0 
0.34236       5407 1784 5602 1779 0 0 0 0 0 0 
0.00162       5407 1784 2401 3201 1779 0 0 0 0 0 
0.1692       5407 1749 7416 0 0 0 0 0 0 0 
0.0108       5407 1749 5637 1779 0 0 0 0 0 0 
0.3289       5155 7638 1779 0 0 0 0 0 0 0 
0.3588       5155 4799 2839 1779 0 0 0 0 0 0 
0.0263718       5155 3141 4497 1779 0 0 0 0 0 0 
0.0035282       5155 3141 1658 2839 1779 0 0 0 0 0 
0.183878       5155 2529 5109 1779 0 0 0 0 0 0 
0.0024219       5155 2529 2270 2839 1779 0 0 0 0 0 
0.0041745       5155 2036 7381 0 0 0 0 0 0 0 
0.007291       5155 2036 5602 1779 0 0 0 0 0 0 
0.121072       5155 2001 7416 0 0 0 0 0 0 0 
0.007728       5155 2001 5637 1779 0 0 0 0 0 0 
0.651751       5155 1618 6020 1779 0 0 0 0 0 0 
0.012857       5155 1618 3181 2839 1779 0 0 0 0 0 
0.284369       5155 1618 1523 4497 1779 0 0 0 0 0 
0.0380449       5155 1618 1523 1658 2839 1779 0 0 0 0 
0.222511       5155 1484 7933 0 0 0 0 0 0 0 
0.014674       5155 1484 6154 1779 0 0 0 0 0 0 
0.0125396       5155 1484 3315 2839 1779 0 0 0 0 0 
0.010672       5155 1484 2953 3201 1779 0 0 0 0 0 
0.00564762       5155 1484 1657 4497 1779 0 0 0 0 0 
1.4       4261 8532 1779 0 0 0 0 0 0 0 
1.75       4261 5693 2839 1779 0 0 0 0 0 0 
0.3087       4261 4035 4497 1779 0 0 0 0 0 0 
0.0413       4261 4035 1658 2839 1779 0 0 0 0 0 
1.3761       4154 5800 2839 1779 0 0 0 0 0 0 
6.39168       4154 4142 4497 1779 0 0 0 0 0 0 
0.855122       4154 4142 1658 2839 1779 0 0 0 0 0 
0.811018       4154 3530 5109 1779 0 0 0 0 0 0 
0.0106821       4154 3530 2270 2839 1779 0 0 0 0 0 
0.293584       4154 2619 6020 1779 0 0 0 0 0 0 
0.0057915       4154 2619 3181 2839 1779 0 0 0 0 0 
0.128096       4154 2619 1523 4497 1779 0 0 0 0 0 
0.0171375       4154 2619 1523 1658 2839 1779 0 0 0 0 
1.2       3472 6482 2839 1779 0 0 0 0 0 0 
0.9725       3377 9416 1779 0 0 0 0 0 0 0 
0.72       3377 6577 2839 1779 0 0 0 0 0 0 
0.222705       3377 4919 4497 1779 0 0 0 0 0 0 
0.029795       3377 4919 1658 2839 1779 0 0 0 0 0 
0.0807675       3377 3814 7381 0 0 0 0 0 0 0 
0.141065       3377 3814 5602 1779 0 0 0 0 0 0 
0.146165       3377 1879 7537 1779 0 0 0 0 0 0 
0.0477338       3377 1879 3040 4497 1779 0 0 0 0 0 
0.00638616       3377 1879 3040 1658 2839 1779 0 0 0 0 
0.00229662       3377 1879 1517 6020 1779 0 0 0 0 0 
0.00100205       3377 1879 1517 1523 4497 1779 0 0 0 0 
0.0010824       3377 1879 727 6810 1779 0 0 0 0 0 
0.06885       3377 1399 9796 0 0 0 0 0 0 0 
0.0536775       3377 1399 8017 1779 0 0 0 0 0 0 
0.0049725       3377 1399 4816 3201 1779 0 0 0 0 0 
2.43       3240 6714 2839 1779 0 0 0 0 0 0 
0.17766       3240 4444 5109 1779 0 0 0 0 0 0 
0.00234       3240 4444 2270 2839 1779 0 0 0 0 0 
0.2379       3240 2387 4327 2839 1779 0 0 0 0 0 
0.150123       3240 2387 2057 5109 1779 0 0 0 0 0 
0.0019773       3240 2387 2057 2270 2839 1779 0 0 0 0 
