100000 82 10
1.6       10185 2839 1779 0 0 0 0 0 0 0 
31.3992       8527 4497 1779 0 0 0 0 0 0 0 
4.2008       8527 1658 2839 1779 0 0 0 0 0 0 
9.17       7924 6879 0 0 0 0 0 0 0 0 
3.5763       7924 5100 1779 0 0 0 0 0 0 0 
0.3537       7924 2261 2839 1779 0 0 0 0 0 0 
12.9297       7915 5109 1779 0 0 0 0 0 0 0 
0.1703       7915 2270 2839 1779 0 0 0 0 0 0 
8.2375       7004 6020 1779 0 0 0 0 0 0 0 
0.1625       7004 3181 2839 1779 0 0 0 0 0 0 
3.59415       7004 1523 4497 1779 0 0 0 0 0 0 
0.48085       7004 1523 1658 2839 1779 0 0 0 0 0 
0.0123375       7004 911 5109 1779 0 0 0 0 0 0 
2.992       6214 6810 1779 0 0 0 0 0 0 0 
0.1462       6214 3971 2839 1779 0 0 0 0 0 0 
0.206917       6214 2313 4497 1779 0 0 0 0 0 0 
0.0276828       6214 2313 1658 2839 1779 0 0 0 0 0 
0.0100674       6214 1701 5109 1779 0 0 0 0 0 0 
0.011203       6214 790 6020 1779 0 0 0 0 0 0 
0.00488804       6214 790 1523 4497 1779 0 0 0 0 0 
5.795       5858 4327 2839 1779 0 0 0 0 0 0 
3.65683       5858 2057 5109 1779 0 0 0 0 0 0 
0.048165       5858 2057 2270 2839 1779 0 0 0 0 0 
1.5246       5638 7386 1779 0 0 0 0 0 0 0 
1.0197       5638 4547 2839 1779 0 0 0 0 0 0 
0.04389       5638 2286 6879 0 0 0 0 0 0 0 
0.0171171       5638 2286 5100 1779 0 0 0 0 0 0 
0.0016929       5638 2286 2261 2839 1779 0 0 0 0 0 
0.0944559       5638 2277 5109 1779 0 0 0 0 0 0 
0.0012441       5638 2277 2270 2839 1779 0 0 0 0 0 
0.161717       5638 1784 7381 0 0 0 0 0 0 0 
0.282447       5638 1784 5602 1779 0 0 0 0 0 0 
0.0013365       5638 1784 2401 3201 1779 0 0 0 0 0 
0.13959       5638 1749 7416 0 0 0 0 0 0 0 
0.00891       5638 1749 5637 1779 0 0 0 0 0 0 
0.6864       5386 7638 1779 0 0 0 0 0 0 0 
0.7488       5386 4799 2839 1779 0 0 0 0 0 0 
0.0550368       5386 3141 4497 1779 0 0 0 0 0 0 
0.0073632       5386 3141 1658 2839 1779 0 0 0 0 0 
0.383746       5386 2529 5109 1779 0 0 0 0 0 0 
0.0050544       5386 2529 2270 2839 1779 0 0 0 0 0 
0.008712       5386 2036 7381 0 0 0 0 0 0 0 
0.015216       5386 2036 5602 1779 0 0 0 0 0 0 
0.252672       5386 2001 7416 0 0 0 0 0 0 0 
0.016128       5386 2001 5637 1779 0 0 0 0 0 0 
1.36018       5386 1618 6020 1779 0 0 0 0 0 0 
0.026832       5386 1618 3181 2839 1779 0 0 0 0 0 
0.593466       5386 1618 1523 4497 1779 0 0 0 0 0 
0.079398       5386 1618 1523 1658 2839 1779 0 0 0 0 
0.00203717       5386 1618 911 5109 1779 0 0 0 0 0 
0.464371       5386 1484 7933 0 0 0 0 0 0 0 
0.030624       5386 1484 6154 1779 0 0 0 0 0 0 
0.0261696       5386 1484 3315 2839 1779 0 0 0 0 0 
0.022272       5386 1484 2953 3201 1779 0 0 0 0 0 
0.0117863       5386 1484 1657 4497 1779 0 0 0 0 0 
0.00157686       5386 1484 1657 1658 2839 1779 0 0 0 0 
0.1112       4385 5800 2839 1779 0 0 0 0 0 0 
0.516499       4385 4142 4497 1779 0 0 0 0 0 0 
0.0691008       4385 4142 1658 2839 1779 0 0 0 0 0 
0.0655368       4385 3530 5109 1779 0 0 0 0 0 0 
0.023724       4385 2619 6020 1779 0 0 0 0 0 0 
0.0103512       4385 2619 1523 4497 1779 0 0 0 0 0 
0.00138485       4385 2619 1523 1658 2839 1779 0 0 0 0 
0.5543       4136 8888 1779 0 0 0 0 0 0 0 
0.109544       4136 4391 4497 1779 0 0 0 0 0 0 
0.0146556       4136 4391 1658 2839 1779 0 0 0 0 0 
0.154367       4136 3779 5109 1779 0 0 0 0 0 0 
0.0020332       4136 3779 2270 2839 1779 0 0 0 0 0 
0.0175329       4136 3286 7381 0 0 0 0 0 0 0 
0.0306222       4136 3286 5602 1779 0 0 0 0 0 0 
0.244306       4136 3251 7416 0 0 0 0 0 0 0 
0.015594       4136 3251 5637 1779 0 0 0 0 0 0 
0.0211002       4136 2734 7933 0 0 0 0 0 0 0 
0.0013915       4136 2734 6154 1779 0 0 0 0 0 0 
0.0011891       4136 2734 3315 2839 1779 0 0 0 0 0 
0.001012       4136 2734 2953 3201 1779 0 0 0 0 0 
0.806831       4136 1351 7537 1779 0 0 0 0 0 0 
0.263491       4136 1351 3040 4497 1779 0 0 0 0 0 
0.0352516       4136 1351 3040 1658 2839 1779 0 0 0 0 
0.0126773       4136 1351 1517 6020 1779 0 0 0 0 0 
0.00553131       4136 1351 1517 1523 4497 1779 0 0 0 0 
0.00597485       4136 1351 727 6810 1779 0 0 0 0 0 
