100000 91 10
85.3       10509 2839 1779 0 0 0 0 0 0 0 
7.9947       8239 5109 1779 0 0 0 0 0 0 0 
0.1053       8239 2270 2839 1779 0 0 0 0 0 0 
1.098       6182 4327 2839 1779 0 0 0 0 0 0 
0.692874       6182 2057 5109 1779 0 0 0 0 0 0 
0.009126       6182 2057 2270 2839 1779 0 0 0 0 0 
0.1848       5962 7386 1779 0 0 0 0 0 0 0 
0.1236       5962 4547 2839 1779 0 0 0 0 0 0 
0.00532       5962 2286 6879 0 0 0 0 0 0 0 
0.0020748       5962 2286 5100 1779 0 0 0 0 0 0 
0.0114492       5962 2277 5109 1779 0 0 0 0 0 0 
0.019602       5962 1784 7381 0 0 0 0 0 0 0 
0.034236       5962 1784 5602 1779 0 0 0 0 0 0 
0.01692       5962 1749 7416 0 0 0 0 0 0 0 
0.00108       5962 1749 5637 1779 0 0 0 0 0 0 
0.0715       5710 7638 1779 0 0 0 0 0 0 0 
0.078       5710 4799 2839 1779 0 0 0 0 0 0 
0.005733       5710 3141 4497 1779 0 0 0 0 0 0 
0.0399735       5710 2529 5109 1779 0 0 0 0 0 0 
0.001585       5710 2529 5602 1779 0 0 0 0 0 0 
0.02632       5710 2001 7416 0 0 0 0 0 0 0 
0.00168       5710 2001 5637 1779 0 0 0 0 0 0 
0.141685       5710 1618 6020 1779 0 0 0 0 0 0 
0.002795       5710 1618 3181 2839 1779 0 0 0 0 0 
0.0618194       5710 1618 1523 4497 1779 0 0 0 0 0 
0.00827062       5710 1618 1523 1658 2839 1779 0 0 0 0 
0.048372       5710 1484 7933 0 0 0 0 0 0 0 
0.00319       5710 1484 6154 1779 0 0 0 0 0 0 
0.002726       5710 1484 3315 2839 1779 0 0 0 0 0 
0.00232       5710 1484 2953 3201 1779 0 0 0 0 0 
0.00122774       5710 1484 1657 4497 1779 0 0 0 0 0 
0.096       4459 8889 1779 0 0 0 0 0 0 0 
0.1152       4459 6050 2839 1779 0 0 0 0 0 0 
0.273773       4459 4392 4497 1779 0 0 0 0 0 0 
0.0366272       4459 4392 1658 2839 1779 0 0 0 0 0 
0.0221088       4459 3780 5109 1779 0 0 0 0 0 0 
0.0023232       4459 3287 7381 0 0 0 0 0 0 0 
0.0040576       4459 3287 5602 1779 0 0 0 0 0 0 
0.177472       4459 3252 7416 0 0 0 0 0 0 0 
0.011328       4459 3252 5637 1779 0 0 0 0 0 0 
0.015816       4459 2869 6020 1779 0 0 0 0 0 0 
0.00690077       4459 2869 1523 4497 1779 0 0 0 0 0 
0.073392       4459 2735 7933 0 0 0 0 0 0 0 
0.00484       4459 2735 6154 1779 0 0 0 0 0 0 
0.004136       4459 2735 3315 2839 1779 0 0 0 0 0 
0.00352       4459 2735 2953 3201 1779 0 0 0 0 0 
0.00186278       4459 2735 1657 4497 1779 0 0 0 0 0 
0.001008       4459 2409 8259 0 0 0 0 0 0 0 
0.00784       4459 2409 6480 1779 0 0 0 0 0 0 
0.001904       4459 2409 3279 3201 1779 0 0 0 0 0 
0.0048       4459 2124 3926 2839 1779 0 0 0 0 0 
0.073216       4459 2079 6810 1779 0 0 0 0 0 0 
0.0035776       4459 2079 3971 2839 1779 0 0 0 0 0 
0.00506339       4459 2079 2313 4497 1779 0 0 0 0 0 
0.006832       4459 1723 4327 2839 1779 0 0 0 0 0 
0.00431122       4459 1723 2057 5109 1779 0 0 0 0 0 
0.447194       4459 1352 7537 1779 0 0 0 0 0 0 
0.146042       4459 1352 3040 4497 1779 0 0 0 0 0 
0.0195385       4459 1352 3040 1658 2839 1779 0 0 0 0 
0.00702652       4459 1352 1517 6020 1779 0 0 0 0 0 
0.00306578       4459 1352 1517 1523 4497 1779 0 0 0 0 
0.00331162       4459 1352 727 6810 1779 0 0 0 0 0 
0.0042864       4459 1352 7603 1779 0 0 0 0 0 0 
0.00136018       4459 1352 1618 6020 1779 0 0 0 0 0 
0.3054       4183 9165 1779 0 0 0 0 0 0 0 
0.0233046       4183 3563 7381 0 0 0 0 0 0 0 
0.0407028       4183 3563 5602 1779 0 0 0 0 0 0 
0.120696       4183 3528 7416 0 0 0 0 0 0 0 
0.007704       4183 3528 5637 1779 0 0 0 0 0 0 
0.007128       4183 2685 8259 0 0 0 0 0 0 0 
0.05544       4183 2685 6480 1779 0 0 0 0 0 0 
0.003168       4183 2685 3641 2839 1779 0 0 0 0 0 
0.013464       4183 2685 3279 3201 1779 0 0 0 0 0 
0.0188034       4183 1448 9496 0 0 0 0 0 0 0 
0.0033966       4183 1448 7717 1779 0 0 0 0 0 0 
0.6       4027 6482 2839 1779 0 0 0 0 0 0 
0.0389       3932 9416 1779 0 0 0 0 0 0 0 
0.0288       3932 6577 2839 1779 0 0 0 0 0 0 
0.0089082       3932 4919 4497 1779 0 0 0 0 0 0 
0.0011918       3932 4919 1658 2839 1779 0 0 0 0 0 
0.0032307       3932 3814 7381 0 0 0 0 0 0 0 
0.0056426       3932 3814 5602 1779 0 0 0 0 0 0 
0.0058466       3932 1879 7537 1779 0 0 0 0 0 0 
0.00190935       3932 1879 3040 4497 1779 0 0 0 0 0 
0.002754       3932 1399 9796 0 0 0 0 0 0 0 
0.0021471       3932 1399 8017 1779 0 0 0 0 0 0 
0.2       3348 7161 2839 1779 0 0 0 0 0 0 
0.3772       3193 7316 2839 1779 0 0 0 0 0 0 
0.0225036       3193 5046 5109 1779 0 0 0 0 0 0 
0.3948       2975 5264 5109 1779 0 0 0 0 0 0 
0.0052       2975 5264 2270 2839 1779 0 0 0 0 0 
