100000 35 10
31.1       10622 2839 1779 0 0 0 0 0 0 0 
8.6436       8964 4497 1779 0 0 0 0 0 0 0 
1.1564       8964 1658 2839 1779 0 0 0 0 0 0 
43.5267       8352 5109 1779 0 0 0 0 0 0 0 
0.5733       8352 2270 2839 1779 0 0 0 0 0 0 
5.1402       7441 6020 1779 0 0 0 0 0 0 0 
0.1014       7441 3181 2839 1779 0 0 0 0 0 0 
2.24275       7441 1523 4497 1779 0 0 0 0 0 0 
0.30005       7441 1523 1658 2839 1779 0 0 0 0 0 
0.0076986       7441 911 5109 1779 0 0 0 0 0 0 
1.4784       6075 7386 1779 0 0 0 0 0 0 0 
0.9888       6075 4547 2839 1779 0 0 0 0 0 0 
0.04256       6075 2286 6879 0 0 0 0 0 0 0 
0.0165984       6075 2286 5100 1779 0 0 0 0 0 0 
0.0016416       6075 2286 2261 2839 1779 0 0 0 0 0 
0.0915936       6075 2277 5109 1779 0 0 0 0 0 0 
0.0012064       6075 2277 2270 2839 1779 0 0 0 0 0 
0.156816       6075 1784 7381 0 0 0 0 0 0 0 
0.273888       6075 1784 5602 1779 0 0 0 0 0 0 
0.001296       6075 1784 2401 3201 1779 0 0 0 0 0 
0.13536       6075 1749 7416 0 0 0 0 0 0 0 
0.00864       6075 1749 5637 1779 0 0 0 0 0 0 
0.63       5050 3311 6879 0 0 0 0 0 0 0 
0.2457       5050 3311 5100 1779 0 0 0 0 0 0 
0.0243       5050 3311 2261 2839 1779 0 0 0 0 0 
0.96       4929 8532 1779 0 0 0 0 0 0 0 
1.2       4929 5693 2839 1779 0 0 0 0 0 0 
0.21168       4929 4035 4497 1779 0 0 0 0 0 0 
0.02832       4929 4035 1658 2839 1779 0 0 0 0 0 
0.0777       3975 11265 0 0 0 0 0 0 0 0 
0.5964       3975 9486 1779 0 0 0 0 0 0 0 
0.0183631       3975 1083 5564 2839 1779 0 0 0 0 0 
0.00162191       3975 1083 3906 4497 1779 0 0 0 0 0 
0.00263248       3975 1083 1017 7386 1779 0 0 0 0 0 
0.00176068       3975 1083 1017 4547 2839 1779 0 0 0 0 
