100000 121 10
38.1       10785 2839 1779 0 0 0 0 0 0 0 
7.896       8515 5109 1779 0 0 0 0 0 0 0 
0.104       8515 2270 2839 1779 0 0 0 0 0 0 
15.2       6859 3926 2839 1779 0 0 0 0 0 0 
13.908       6458 4327 2839 1779 0 0 0 0 0 0 
8.7764       6458 2057 5109 1779 0 0 0 0 0 0 
0.115596       6458 2057 2270 2839 1779 0 0 0 0 0 
1.2155       5986 7638 1779 0 0 0 0 0 0 0 
1.326       5986 4799 2839 1779 0 0 0 0 0 0 
0.097461       5986 3141 4497 1779 0 0 0 0 0 0 
0.013039       5986 3141 1658 2839 1779 0 0 0 0 0 
0.67955       5986 2529 5109 1779 0 0 0 0 0 0 
0.0089505       5986 2529 2270 2839 1779 0 0 0 0 0 
0.0154275       5986 2036 7381 0 0 0 0 0 0 0 
0.026945       5986 2036 5602 1779 0 0 0 0 0 0 
0.44744       5986 2001 7416 0 0 0 0 0 0 0 
0.02856       5986 2001 5637 1779 0 0 0 0 0 0 
2.40864       5986 1618 6020 1779 0 0 0 0 0 0 
0.047515       5986 1618 3181 2839 1779 0 0 0 0 0 
1.05093       5986 1618 1523 4497 1779 0 0 0 0 0 
0.140601       5986 1618 1523 1658 2839 1779 0 0 0 0 
0.00360748       5986 1618 911 5109 1779 0 0 0 0 0 
0.822324       5986 1484 7933 0 0 0 0 0 0 0 
0.05423       5986 1484 6154 1779 0 0 0 0 0 0 
0.046342       5986 1484 3315 2839 1779 0 0 0 0 0 
0.03944       5986 1484 2953 3201 1779 0 0 0 0 0 
0.0208716       5986 1484 1657 4497 1779 0 0 0 0 0 
0.00279235       5986 1484 1657 1658 2839 1779 0 0 0 0 
0.06       4735 8889 1779 0 0 0 0 0 0 0 
0.072       4735 6050 2839 1779 0 0 0 0 0 0 
0.171108       4735 4392 4497 1779 0 0 0 0 0 0 
0.022892       4735 4392 1658 2839 1779 0 0 0 0 0 
0.013818       4735 3780 5109 1779 0 0 0 0 0 0 
0.001452       4735 3287 7381 0 0 0 0 0 0 0 
0.002536       4735 3287 5602 1779 0 0 0 0 0 0 
0.11092       4735 3252 7416 0 0 0 0 0 0 0 
0.00708       4735 3252 5637 1779 0 0 0 0 0 0 
0.009885       4735 2869 6020 1779 0 0 0 0 0 0 
0.00431298       4735 2869 1523 4497 1779 0 0 0 0 0 
0.04587       4735 2735 7933 0 0 0 0 0 0 0 
0.003025       4735 2735 6154 1779 0 0 0 0 0 0 
0.002585       4735 2735 3315 2839 1779 0 0 0 0 0 
0.0022       4735 2735 2953 3201 1779 0 0 0 0 0 
0.00116424       4735 2735 1657 4497 1779 0 0 0 0 0 
0.0049       4735 2735 6480 1779 0 0 0 0 0 0 
0.00119       4735 2735 3279 3201 1779 0 0 0 0 0 
0.003       4735 2124 3926 2839 1779 0 0 0 0 0 
0.04576       4735 2079 6810 1779 0 0 0 0 0 0 
0.002236       4735 2079 3971 2839 1779 0 0 0 0 0 
0.00316462       4735 2079 2313 4497 1779 0 0 0 0 0 
0.00427       4735 1723 4327 2839 1779 0 0 0 0 0 
0.00269451       4735 1723 2057 5109 1779 0 0 0 0 0 
0.279496       4735 1352 7537 1779 0 0 0 0 0 0 
0.0912764       4735 1352 3040 4497 1779 0 0 0 0 0 
0.0122116       4735 1352 3040 1658 2839 1779 0 0 0 0 
0.00439158       4735 1352 1517 6020 1779 0 0 0 0 0 
0.00191611       4735 1352 1517 1523 4497 1779 0 0 0 0 
0.00206976       4735 1352 727 6810 1779 0 0 0 0 0 
0.002679       4735 1352 7603 1779 0 0 0 0 0 0 
0.3762       3893 6892 2839 1779 0 0 0 0 0 0 
1.0322       3893 4622 5109 1779 0 0 0 0 0 0 
0.0135954       3893 4622 2270 2839 1779 0 0 0 0 0 
0.173804       3893 2345 7386 1779 0 0 0 0 0 0 
0.116246       3893 2345 4547 2839 1779 0 0 0 0 0 
0.00500346       3893 2345 2286 6879 0 0 0 0 0 0 
0.00195135       3893 2345 2286 5100 1779 0 0 0 0 0 
0.010768       3893 2345 2277 5109 1779 0 0 0 0 0 
0.0184357       3893 2345 1784 7381 0 0 0 0 0 0 
0.032199       3893 2345 1784 5602 1779 0 0 0 0 0 
0.0159133       3893 2345 1749 7416 0 0 0 0 0 0 
0.00101574       3893 2345 1749 5637 1779 0 0 0 0 0 
0.175       3826 3033 3926 2839 1779 0 0 0 0 0 
0.2325       3826 1875 7923 1779 0 0 0 0 0 0 
0.34875       3826 1875 5084 2839 1779 0 0 0 0 0 
0.374325       3826 1875 2823 6879 0 0 0 0 0 0 
0.145987       3826 1875 2823 5100 1779 0 0 0 0 0 
0.0144383       3826 1875 2823 2261 2839 1779 0 0 0 0 
0.160634       3826 1875 2814 5109 1779 0 0 0 0 0 
0.00211575       3826 1875 2814 2270 2839 1779 0 0 0 0 
0.178909       3826 1875 1289 6634 1779 0 0 0 0 0 
0.029295       3826 1875 1289 3795 2839 1779 0 0 0 0 
0.586632       3826 1875 1289 1534 6879 0 0 0 0 0 
0.228787       3826 1875 1289 1534 5100 1779 0 0 0 0 
0.0226272       3826 1875 1289 1534 2261 2839 1779 0 0 0 
0.018       3502 10122 1779 0 0 0 0 0 0 0 
0.657       3502 7283 2839 1779 0 0 0 0 0 0 
0.015876       3502 5625 4497 1779 0 0 0 0 0 0 
0.002124       3502 5625 1658 2839 1779 0 0 0 0 0 
0.115479       3502 5013 5109 1779 0 0 0 0 0 0 
0.001521       3502 5013 2270 2839 1779 0 0 0 0 0 
0.04752       3502 3312 6810 1779 0 0 0 0 0 0 
0.002322       3502 3312 3971 2839 1779 0 0 0 0 0 
0.00328633       3502 3312 2313 4497 1779 0 0 0 0 0 
0.002574       3502 2484 7638 1779 0 0 0 0 0 0 
0.002808       3502 2484 4799 2839 1779 0 0 0 0 0 
0.00143905       3502 2484 2529 5109 1779 0 0 0 0 0 
0.00510066       3502 2484 1618 6020 1779 0 0 0 0 0 
0.0022255       3502 2484 1618 1523 4497 1779 0 0 0 0 
0.00174139       3502 2484 1484 7933 0 0 0 0 0 0 
0.0072       3502 1590 8532 1779 0 0 0 0 0 0 
0.009       3502 1590 5693 2839 1779 0 0 0 0 0 
0.0015876       3502 1590 4035 4497 1779 0 0 0 0 0 
0.024       3426 10198 1779 0 0 0 0 0 0 0 
0.876       3426 7359 2839 1779 0 0 0 0 0 0 
0.021168       3426 5701 4497 1779 0 0 0 0 0 0 
0.002832       3426 5701 1658 2839 1779 0 0 0 0 0 
0.153972       3426 5089 5109 1779 0 0 0 0 0 0 
0.002028       3426 5089 2270 2839 1779 0 0 0 0 0 
0.06336       3426 3388 6810 1779 0 0 0 0 0 0 
0.003096       3426 3388 3971 2839 1779 0 0 0 0 0 
0.00438178       3426 3388 2313 4497 1779 0 0 0 0 0 
0.003432       3426 2560 7638 1779 0 0 0 0 0 0 
0.003744       3426 2560 4799 2839 1779 0 0 0 0 0 
0.00191873       3426 2560 2529 5109 1779 0 0 0 0 0 
0.00126336       3426 2560 2001 7416 0 0 0 0 0 0 
0.00680088       3426 2560 1618 6020 1779 0 0 0 0 0 
0.00296733       3426 2560 1618 1523 4497 1779 0 0 0 0 
0.00232186       3426 2560 1484 7933 0 0 0 0 0 0 
0.0096       3426 1666 8532 1779 0 0 0 0 0 0 
0.012       3426 1666 5693 2839 1779 0 0 0 0 0 
0.0021168       3426 1666 4035 4497 1779 0 0 0 0 0 
