0.084    11928 1779 0 0 0 0 0 0 0 0 
0.28    9089 2839 1779 0 0 0 0 0 0 0 
0.084672    7431 4497 1779 0 0 0 0 0 0 0 
0.011328    0 1658 2839 1779 0 0 0 0 0 0 
0.11844    6819 5109 1779 0 0 0 0 0 0 0 
0.00156    0 2270 2839 1779 0 0 0 0 0 0 
0.00363    6326 7381 0 0 0 0 0 0 0 0 
0.00634    0 5602 1779 0 0 0 0 0 0 0 
3e-05    0 2401 3201 1779 0 0 0 0 0 0 
0.023065    5908 6020 1779 0 0 0 0 0 0 0 
0.000455    0 3181 2839 1779 0 0 0 0 0 0 
0.0100636    0 1523 4497 1779 0 0 0 0 0 0 
0.00134638    0 0 1658 2839 1779 0 0 0 0 0 
3.4545e-05    0 911 5109 1779 0 0 0 0 0 0 
4.55e-07    0 0 2270 2839 1779 0 0 0 0 0 
0.001881    5294 6634 1779 0 0 0 0 0 0 0 
0.000308    0 3795 2839 1779 0 0 0 0 0 0 
0.0061677    0 1534 6879 0 0 0 0 0 0 0 
0.0024054    0 0 5100 1779 0 0 0 0 0 0 
0.000237897    0 0 2261 2839 1779 0 0 0 0 0 
0.07854    4542 7386 1779 0 0 0 0 0 0 0 
0.05253    0 4547 2839 1779 0 0 0 0 0 0 
0.002261    0 2286 6879 0 0 0 0 0 0 0 
0.00088179    0 0 5100 1779 0 0 0 0 0 0 
8.721e-05    0 0 2261 2839 1779 0 0 0 0 0 
0.00486591    0 2277 5109 1779 0 0 0 0 0 0 
6.409e-05    0 0 2270 2839 1779 0 0 0 0 0 
0.00833085    0 1784 7381 0 0 0 0 0 0 0 
0.0145503    0 0 5602 1779 0 0 0 0 0 0 
6.885e-05    0 0 2401 3201 1779 0 0 0 0 0 
0.007191    0 1749 7416 0 0 0 0 0 0 0 
0.000459    0 0 5637 1779 0 0 0 0 0 0 
0.01716    4290 7638 1779 0 0 0 0 0 0 0 
0.01872    0 4799 2839 1779 0 0 0 0 0 0 
0.00137592    0 3141 4497 1779 0 0 0 0 0 0 
0.00018408    0 0 1658 2839 1779 0 0 0 0 0 
0.00959364    0 2529 5109 1779 0 0 0 0 0 0 
0.00012636    0 0 2270 2839 1779 0 0 0 0 0 
0.0002178    0 2036 7381 0 0 0 0 0 0 0 
0.0003804    0 0 5602 1779 0 0 0 0 0 0 
1.8e-06    0 0 2401 3201 1779 0 0 0 0 0 
0.0063168    0 2001 7416 0 0 0 0 0 0 0 
0.0004032    0 0 5637 1779 0 0 0 0 0 0 
0.0340044    0 1618 6020 1779 0 0 0 0 0 0 
0.0006708    0 0 3181 2839 1779 0 0 0 0 0 
0.0148367    0 0 1523 4497 1779 0 0 0 0 0 
0.00198495    0 0 0 1658 2839 1779 0 0 0 0 
5.09292e-05    0 0 911 5109 1779 0 0 0 0 0 
6.708e-07    0 0 0 2270 2839 1779 0 0 0 0 
0.0116093    0 1484 7933 0 0 0 0 0 0 0 
0.0007656    0 0 6154 1779 0 0 0 0 0 0 
0.00065424    0 0 3315 2839 1779 0 0 0 0 0 
0.0005568    0 0 2953 3201 1779 0 0 0 0 0 
0.000294659    0 0 1657 4497 1779 0 0 0 0 0 
3.94214e-05    0 0 0 1658 2839 1779 0 0 0 0 
0.0029    4005 7923 1779 0 0 0 0 0 0 0 
0.00435    0 5084 2839 1779 0 0 0 0 0 0 
0.004669    0 2823 6879 0 0 0 0 0 0 0 
0.00182091    0 0 5100 1779 0 0 0 0 0 0 
0.00018009    0 0 2261 2839 1779 0 0 0 0 0 
0.00200361    0 2814 5109 1779 0 0 0 0 0 0 
2.639e-05    0 0 2270 2839 1779 0 0 0 0 0 
0.00223155    0 1289 6634 1779 0 0 0 0 0 0 
0.0003654    0 0 3795 2839 1779 0 0 0 0 0 
0.00731714    0 0 1534 6879 0 0 0 0 0 0 
0.00285368    0 0 0 5100 1779 0 0 0 0 0 
0.000282232    0 0 0 2261 2839 1779 0 0 0 0 
0.018    3396 8532 1779 0 0 0 0 0 0 0 
0.0225    0 5693 2839 1779 0 0 0 0 0 0 
0.003969    0 4035 4497 1779 0 0 0 0 0 0 
0.000531    0 0 1658 2839 1779 0 0 0 0 0 
0    0 0 0 0 0 0 0 0 0 0 
0    0 0 0 0 0 0 0 0 0 0 
0    0 0 0 0 0 0 0 0 0 0 
0    0 0 0 0 0 0 0 0 0 0 
0    0 0 0 0 0 0 0 0 0 0 
0    0 0 0 0 0 0 0 0 0 0 
0    0 0 0 0 0 0 0 0 0 0 
0    0 0 0 0 0 0 0 0 0 0 
0    0 0 0 0 0 0 0 0 0 0 
0    0 0 0 0 0 0 0 0 0 0 
0    0 0 0 0 0 0 0 0 0 0 
0    0 0 0 0 0 0 0 0 0 0 
0    0 0 0 0 0 0 0 0 0 0 
0    0 0 0 0 0 0 0 0 0 0 
0    0 0 0 0 0 0 0 0 0 0 
0    0 0 0 0 0 0 0 0 0 0 
0    0 0 0 0 0 0 0 0 0 0 
0    0 0 0 0 0 0 0 0 0 0 
0    0 0 0 0 0 0 0 0 0 0 
0    0 0 0 0 0 0 0 0 0 0 
0    0 0 0 0 0 0 0 0 0 0 
0    0 0 0 0 0 0 0 0 0 0 
0    0 0 0 0 0 0 0 0 0 0 
0    0 0 0 0 0 0 0 0 0 0 
0    0 0 0 0 0 0 0 0 0 0 
0    0 0 0 0 0 0 0 0 0 0 
0    0 0 0 0 0 0 0 0 0 0 
0    0 0 0 0 0 0 0 0 0 0 
0    0 0 0 0 0 0 0 0 0 0 
0    0 0 0 0 0 0 0 0 0 0 
0    0 0 0 0 0 0 0 0 0 0 
0    0 0 0 0 0 0 0 0 0 0 
0    0 0 0 0 0 0 0 0 0 0 
0    0 0 0 0 0 0 0 0 0 0 
0    0 0 0 0 0 0 0 0 0 0 
0    0 0 0 0 0 0 0 0 0 0 
0    0 0 0 0 0 0 0 0 0 0 
0    0 0 0 0 0 0 0 0 0 0 
0    0 0 0 0 0 0 0 0 0 0 
0    0 0 0 0 0 0 0 0 0 0 
0    0 0 0 0 0 0 0 0 0 0 
0    0 0 0 0 0 0 0 0 0 0 
0    0 0 0 0 0 0 0 0 0 0 
0    0 0 0 0 0 0 0 0 0 0 
0    0 0 0 0 0 0 0 0 0 0 
0    0 0 0 0 0 0 0 0 0 0 
0    0 0 0 0 0 0 0 0 0 0 
0    0 0 0 0 0 0 0 0 0 0 
0    0 0 0 0 0 0 0 0 0 0 
0    0 0 0 0 0 0 0 0 0 0 
0    0 0 0 0 0 0 0 0 0 0 
0    0 0 0 0 0 0 0 0 0 0 
0    0 0 0 0 0 0 0 0 0 0 
0    0 0 0 0 0 0 0 0 0 0 
0    0 0 0 0 0 0 0 0 0 0 
0    0 0 0 0 0 0 0 0 0 0 
0    0 0 0 0 0 0 0 0 0 0 
0    0 0 0 0 0 0 0 0 0 0 
0    0 0 0 0 0 0 0 0 0 0 
0    0 0 0 0 0 0 0 0 0 0 
0    0 0 0 0 0 0 0 0 0 0 
0    0 0 0 0 0 0 0 0 0 0 
0    0 0 0 0 0 0 0 0 0 0 
0    0 0 0 0 0 0 0 0 0 0 
0    0 0 0 0 0 0 0 0 0 0 
0    0 0 0 0 0 0 0 0 0 0 
0    0 0 0 0 0 0 0 0 0 0 
0    0 0 0 0 0 0 0 0 0 0 
0    0 0 0 0 0 0 0 0 0 0 
0    0 0 0 0 0 0 0 0 0 0 
0    0 0 0 0 0 0 0 0 0 0 
0    0 0 0 0 0 0 0 0 0 0 
0    0 0 0 0 0 0 0 0 0 0 
0    0 0 0 0 0 0 0 0 0 0 
0    0 0 0 0 0 0 0 0 0 0 
0    0 0 0 0 0 0 0 0 0 0 
0    0 0 0 0 0 0 0 0 0 0 
0    0 0 0 0 0 0 0 0 0 0 
0    0 0 0 0 0 0 0 0 0 0 
0    0 0 0 0 0 0 0 0 0 0 
0    0 0 0 0 0 0 0 0 0 0 
0    0 0 0 0 0 0 0 0 0 0 
0    0 0 0 0 0 0 0 0 0 0 
0    0 0 0 0 0 0 0 0 0 0 
0    0 0 0 0 0 0 0 0 0 0 
0    0 0 0 0 0 0 0 0 0 0 
0    0 0 0 0 0 0 0 0 0 0 
0    0 0 0 0 0 0 0 0 0 0 
0    0 0 0 0 0 0 0 0 0 0 
0    0 0 0 0 0 0 0 0 0 0 
0    0 0 0 0 0 0 0 0 0 0 
0    0 0 0 0 0 0 0 0 0 0 
0    0 0 0 0 0 0 0 0 0 0 
0    0 0 0 0 0 0 0 0 0 0 
0    0 0 0 0 0 0 0 0 0 0 
0    0 0 0 0 0 0 0 0 0 0 
0    0 0 0 0 0 0 0 0 0 0 
0    0 0 0 0 0 0 0 0 0 0 
0    0 0 0 0 0 0 0 0 0 0 
0    0 0 0 0 0 0 0 0 0 0 
0    0 0 0 0 0 0 0 0 0 0 
0    0 0 0 0 0 0 0 0 0 0 
0    0 0 0 0 0 0 0 0 0 0 
0    0 0 0 0 0 0 0 0 0 0 
0    0 0 0 0 0 0 0 0 0 0 
0    0 0 0 0 0 0 0 0 0 0 
0    0 0 0 0 0 0 0 0 0 0 
0    0 0 0 0 0 0 0 0 0 0 
0    0 0 0 0 0 0 0 0 0 0 
0    0 0 0 0 0 0 0 0 0 0 
0    0 0 0 0 0 0 0 0 0 0 
0    0 0 0 0 0 0 0 0 0 0 
0    0 0 0 0 0 0 0 0 0 0 
0    0 0 0 0 0 0 0 0 0 0 
0    0 0 0 0 0 0 0 0 0 0 
0    0 0 0 0 0 0 0 0 0 0 
0    0 0 0 0 0 0 0 0 0 0 
0    0 0 0 0 0 0 0 0 0 0 
0    0 0 0 0 0 0 0 0 0 0 
0    0 0 0 0 0 0 0 0 0 0 
0    0 0 0 0 0 0 0 0 0 0 
0    0 0 0 0 0 0 0 0 0 0 
0    0 0 0 0 0 0 0 0 0 0 
0    0 0 0 0 0 0 0 0 0 0 
0    0 0 0 0 0 0 0 0 0 0 
0    0 0 0 0 0 0 0 0 0 0 
0    0 0 0 0 0 0 0 0 0 0 
0    0 0 0 0 0 0 0 0 0 0 
0    0 0 0 0 0 0 0 0 0 0 
0    0 0 0 0 0 0 0 0 0 0 
0    0 0 0 0 0 0 0 0 0 0 
0    0 0 0 0 0 0 0 0 0 0 
0    0 0 0 0 0 0 0 0 0 0 
0    0 0 0 0 0 0 0 0 0 0 
0    0 0 0 0 0 0 0 0 0 0 
0    0 0 0 0 0 0 0 0 0 0 
0    0 0 0 0 0 0 0 0 0 0 
0    0 0 0 0 0 0 0 0 0 0 
0    0 0 0 0 0 0 0 0 0 0 
0    0 0 0 0 0 0 0 0 0 0 
0    0 0 0 0 0 0 0 0 0 0 
0    0 0 0 0 0 0 0 0 0 0 
0    0 0 0 0 0 0 0 0 0 0 
0    0 0 0 0 0 0 0 0 0 0 
0    0 0 0 0 0 0 0 0 0 0 
0    0 0 0 0 0 0 0 0 0 0 
0    0 0 0 0 0 0 0 0 0 0 
0    0 0 0 0 0 0 0 0 0 0 
0    0 0 0 0 0 0 0 0 0 0 
0    0 0 0 0 0 0 0 0 0 0 
0    0 0 0 0 0 0 0 0 0 0 
0    0 0 0 0 0 0 0 0 0 0 
0    0 0 0 0 0 0 0 0 0 0 
0    0 0 0 0 0 0 0 0 0 0 
0    0 0 0 0 0 0 0 0 0 0 
0    0 0 0 0 0 0 0 0 0 0 
0    0 0 0 0 0 0 0 0 0 0 
0    0 0 0 0 0 0 0 0 0 0 
0    0 0 0 0 0 0 0 0 0 0 
0    0 0 0 0 0 0 0 0 0 0 
0    0 0 0 0 0 0 0 0 0 0 
0    0 0 0 0 0 0 0 0 0 0 
0    0 0 0 0 0 0 0 0 0 0 
0    0 0 0 0 0 0 0 0 0 0 
0    0 0 0 0 0 0 0 0 0 0 
0    0 0 0 0 0 0 0 0 0 0 
0    0 0 0 0 0 0 0 0 0 0 
0    0 0 0 0 0 0 0 0 0 0 
0    0 0 0 0 0 0 0 0 0 0 
0    0 0 0 0 0 0 0 0 0 0 
0    0 0 0 0 0 0 0 0 0 0 
0    0 0 0 0 0 0 0 0 0 0 
0    0 0 0 0 0 0 0 0 0 0 
0    0 0 0 0 0 0 0 0 0 0 
0    0 0 0 0 0 0 0 0 0 0 
0    0 0 0 0 0 0 0 0 0 0 
0    0 0 0 0 0 0 0 0 0 0 
0    0 0 0 0 0 0 0 0 0 0 
0    0 0 0 0 0 0 0 0 0 0 
0    0 0 0 0 0 0 0 0 0 0 
0    0 0 0 0 0 0 0 0 0 0 
0    0 0 0 0 0 0 0 0 0 0 
0    0 0 0 0 0 0 0 0 0 0 
0    0 0 0 0 0 0 0 0 0 0 
0    0 0 0 0 0 0 0 0 0 0 
0    0 0 0 0 0 0 0 0 0 0 
0    0 0 0 0 0 0 0 0 0 0 
0    0 0 0 0 0 0 0 0 0 0 
0    0 0 0 0 0 0 0 0 0 0 
0    0 0 0 0 0 0 0 0 0 0 
0    0 0 0 0 0 0 0 0 0 0 
0    0 0 0 0 0 0 0 0 0 0 
0    0 0 0 0 0 0 0 0 0 0 
0    0 0 0 0 0 0 0 0 0 0 
0    0 0 0 0 0 0 0 0 0 0 
0    0 0 0 0 0 0 0 0 0 0 
0    0 0 0 0 0 0 0 0 0 0 
0    0 0 0 0 0 0 0 0 0 0 
0    0 0 0 0 0 0 0 0 0 0 
0    0 0 0 0 0 0 0 0 0 0 
0    0 0 0 0 0 0 0 0 0 0 
0    0 0 0 0 0 0 0 0 0 0 
0    0 0 0 0 0 0 0 0 0 0 
0    0 0 0 0 0 0 0 0 0 0 
0    0 0 0 0 0 0 0 0 0 0 
0    0 0 0 0 0 0 0 0 0 0 
0    0 0 0 0 0 0 0 0 0 0 
0    0 0 0 0 0 0 0 0 0 0 
0    0 0 0 0 0 0 0 0 0 0 
0    0 0 0 0 0 0 0 0 0 0 
0    0 0 0 0 0 0 0 0 0 0 
0    0 0 0 0 0 0 0 0 0 0 
0    0 0 0 0 0 0 0 0 0 0 
0    0 0 0 0 0 0 0 0 0 0 
0    0 0 0 0 0 0 0 0 0 0 
0    0 0 0 0 0 0 0 0 0 0 
0    0 0 0 0 0 0 0 0 0 0 
0    0 0 0 0 0 0 0 0 0 0 
0    0 0 0 0 0 0 0 0 0 0 
0    0 0 0 0 0 0 0 0 0 0 
0    0 0 0 0 0 0 0 0 0 0 
0    0 0 0 0 0 0 0 0 0 0 
0    0 0 0 0 0 0 0 0 0 0 
0    0 0 0 0 0 0 0 0 0 0 
0    0 0 0 0 0 0 0 0 0 0 
0    0 0 0 0 0 0 0 0 0 0 
0    0 0 0 0 0 0 0 0 0 0 
0    0 0 0 0 0 0 0 0 0 0 
0    0 0 0 0 0 0 0 0 0 0 
