0.89    11930 1779 0 0 0 0 0 0 0 0 
0.009    9091 2839 1779 0 0 0 0 0 0 0 
0.009702    7433 4497 1779 0 0 0 0 0 0 0 
0.001298    0 1658 2839 1779 0 0 0 0 0 0 
0.014805    6821 5109 1779 0 0 0 0 0 0 0 
0.000195    0 2270 2839 1779 0 0 0 0 0 0 
0.005445    6328 7381 0 0 0 0 0 0 0 0 
0.00951    0 5602 1779 0 0 0 0 0 0 0 
4.5e-05    0 2401 3201 1779 0 0 0 0 0 0 
0.0235    6293 7416 0 0 0 0 0 0 0 0 
0.0015    0 5637 1779 0 0 0 0 0 0 0 
0.00045    5450 8259 0 0 0 0 0 0 0 0 
0.0035    0 6480 1779 0 0 0 0 0 0 0 
0.0002    0 3641 2839 1779 0 0 0 0 0 0 
0.00085    0 3279 3201 1779 0 0 0 0 0 0 
0.0264    5120 6810 1779 0 0 0 0 0 0 0 
0.00129    0 3971 2839 1779 0 0 0 0 0 0 
0.00182574    0 2313 4497 1779 0 0 0 0 0 0 
0.00024426    0 0 1658 2839 1779 0 0 0 0 0 
8.883e-05    0 1701 5109 1779 0 0 0 0 0 0 
1.17e-06    0 0 2270 2839 1779 0 0 0 0 0 
9.885e-05    0 790 6020 1779 0 0 0 0 0 0 
1.95e-06    0 0 3181 2839 1779 0 0 0 0 0 
4.31298e-05    0 0 1523 4497 1779 0 0 0 0 0 
5.7702e-06    0 0 0 1658 2839 1779 0 0 0 0 
1.4805e-07    0 0 911 5109 1779 0 0 0 0 0 
1.95e-09    0 0 0 2270 2839 1779 0 0 0 0 
0    0 0 0 0 0 0 0 0 0 0 
0    0 0 0 0 0 0 0 0 0 0 
0    0 0 0 0 0 0 0 0 0 0 
0    0 0 0 0 0 0 0 0 0 0 
0    0 0 0 0 0 0 0 0 0 0 
0    0 0 0 0 0 0 0 0 0 0 
0    0 0 0 0 0 0 0 0 0 0 
0    0 0 0 0 0 0 0 0 0 0 
0    0 0 0 0 0 0 0 0 0 0 
0    0 0 0 0 0 0 0 0 0 0 
0    0 0 0 0 0 0 0 0 0 0 
0    0 0 0 0 0 0 0 0 0 0 
0    0 0 0 0 0 0 0 0 0 0 
0    0 0 0 0 0 0 0 0 0 0 
0    0 0 0 0 0 0 0 0 0 0 
0    0 0 0 0 0 0 0 0 0 0 
0    0 0 0 0 0 0 0 0 0 0 
0    0 0 0 0 0 0 0 0 0 0 
0    0 0 0 0 0 0 0 0 0 0 
0    0 0 0 0 0 0 0 0 0 0 
0    0 0 0 0 0 0 0 0 0 0 
0    0 0 0 0 0 0 0 0 0 0 
0    0 0 0 0 0 0 0 0 0 0 
0    0 0 0 0 0 0 0 0 0 0 
0    0 0 0 0 0 0 0 0 0 0 
0    0 0 0 0 0 0 0 0 0 0 
0    0 0 0 0 0 0 0 0 0 0 
0    0 0 0 0 0 0 0 0 0 0 
0    0 0 0 0 0 0 0 0 0 0 
0    0 0 0 0 0 0 0 0 0 0 
0    0 0 0 0 0 0 0 0 0 0 
0    0 0 0 0 0 0 0 0 0 0 
0    0 0 0 0 0 0 0 0 0 0 
0    0 0 0 0 0 0 0 0 0 0 
0    0 0 0 0 0 0 0 0 0 0 
0    0 0 0 0 0 0 0 0 0 0 
0    0 0 0 0 0 0 0 0 0 0 
0    0 0 0 0 0 0 0 0 0 0 
0    0 0 0 0 0 0 0 0 0 0 
0    0 0 0 0 0 0 0 0 0 0 
0    0 0 0 0 0 0 0 0 0 0 
0    0 0 0 0 0 0 0 0 0 0 
0    0 0 0 0 0 0 0 0 0 0 
0    0 0 0 0 0 0 0 0 0 0 
0    0 0 0 0 0 0 0 0 0 0 
0    0 0 0 0 0 0 0 0 0 0 
0    0 0 0 0 0 0 0 0 0 0 
0    0 0 0 0 0 0 0 0 0 0 
0    0 0 0 0 0 0 0 0 0 0 
0    0 0 0 0 0 0 0 0 0 0 
0    0 0 0 0 0 0 0 0 0 0 
0    0 0 0 0 0 0 0 0 0 0 
0    0 0 0 0 0 0 0 0 0 0 
0    0 0 0 0 0 0 0 0 0 0 
0    0 0 0 0 0 0 0 0 0 0 
0    0 0 0 0 0 0 0 0 0 0 
0    0 0 0 0 0 0 0 0 0 0 
0    0 0 0 0 0 0 0 0 0 0 
0    0 0 0 0 0 0 0 0 0 0 
0    0 0 0 0 0 0 0 0 0 0 
0    0 0 0 0 0 0 0 0 0 0 
0    0 0 0 0 0 0 0 0 0 0 
0    0 0 0 0 0 0 0 0 0 0 
0    0 0 0 0 0 0 0 0 0 0 
0    0 0 0 0 0 0 0 0 0 0 
0    0 0 0 0 0 0 0 0 0 0 
0    0 0 0 0 0 0 0 0 0 0 
0    0 0 0 0 0 0 0 0 0 0 
0    0 0 0 0 0 0 0 0 0 0 
0    0 0 0 0 0 0 0 0 0 0 
0    0 0 0 0 0 0 0 0 0 0 
0    0 0 0 0 0 0 0 0 0 0 
0    0 0 0 0 0 0 0 0 0 0 
0    0 0 0 0 0 0 0 0 0 0 
0    0 0 0 0 0 0 0 0 0 0 
0    0 0 0 0 0 0 0 0 0 0 
0    0 0 0 0 0 0 0 0 0 0 
0    0 0 0 0 0 0 0 0 0 0 
0    0 0 0 0 0 0 0 0 0 0 
0    0 0 0 0 0 0 0 0 0 0 
0    0 0 0 0 0 0 0 0 0 0 
0    0 0 0 0 0 0 0 0 0 0 
0    0 0 0 0 0 0 0 0 0 0 
0    0 0 0 0 0 0 0 0 0 0 
0    0 0 0 0 0 0 0 0 0 0 
0    0 0 0 0 0 0 0 0 0 0 
0    0 0 0 0 0 0 0 0 0 0 
0    0 0 0 0 0 0 0 0 0 0 
0    0 0 0 0 0 0 0 0 0 0 
0    0 0 0 0 0 0 0 0 0 0 
0    0 0 0 0 0 0 0 0 0 0 
0    0 0 0 0 0 0 0 0 0 0 
0    0 0 0 0 0 0 0 0 0 0 
0    0 0 0 0 0 0 0 0 0 0 
0    0 0 0 0 0 0 0 0 0 0 
0    0 0 0 0 0 0 0 0 0 0 
0    0 0 0 0 0 0 0 0 0 0 
0    0 0 0 0 0 0 0 0 0 0 
0    0 0 0 0 0 0 0 0 0 0 
0    0 0 0 0 0 0 0 0 0 0 
0    0 0 0 0 0 0 0 0 0 0 
0    0 0 0 0 0 0 0 0 0 0 
0    0 0 0 0 0 0 0 0 0 0 
0    0 0 0 0 0 0 0 0 0 0 
0    0 0 0 0 0 0 0 0 0 0 
0    0 0 0 0 0 0 0 0 0 0 
0    0 0 0 0 0 0 0 0 0 0 
0    0 0 0 0 0 0 0 0 0 0 
0    0 0 0 0 0 0 0 0 0 0 
0    0 0 0 0 0 0 0 0 0 0 
0    0 0 0 0 0 0 0 0 0 0 
0    0 0 0 0 0 0 0 0 0 0 
0    0 0 0 0 0 0 0 0 0 0 
0    0 0 0 0 0 0 0 0 0 0 
0    0 0 0 0 0 0 0 0 0 0 
0    0 0 0 0 0 0 0 0 0 0 
0    0 0 0 0 0 0 0 0 0 0 
0    0 0 0 0 0 0 0 0 0 0 
0    0 0 0 0 0 0 0 0 0 0 
0    0 0 0 0 0 0 0 0 0 0 
0    0 0 0 0 0 0 0 0 0 0 
0    0 0 0 0 0 0 0 0 0 0 
0    0 0 0 0 0 0 0 0 0 0 
0    0 0 0 0 0 0 0 0 0 0 
0    0 0 0 0 0 0 0 0 0 0 
0    0 0 0 0 0 0 0 0 0 0 
0    0 0 0 0 0 0 0 0 0 0 
0    0 0 0 0 0 0 0 0 0 0 
0    0 0 0 0 0 0 0 0 0 0 
0    0 0 0 0 0 0 0 0 0 0 
0    0 0 0 0 0 0 0 0 0 0 
0    0 0 0 0 0 0 0 0 0 0 
0    0 0 0 0 0 0 0 0 0 0 
0    0 0 0 0 0 0 0 0 0 0 
0    0 0 0 0 0 0 0 0 0 0 
0    0 0 0 0 0 0 0 0 0 0 
0    0 0 0 0 0 0 0 0 0 0 
0    0 0 0 0 0 0 0 0 0 0 
0    0 0 0 0 0 0 0 0 0 0 
0    0 0 0 0 0 0 0 0 0 0 
0    0 0 0 0 0 0 0 0 0 0 
0    0 0 0 0 0 0 0 0 0 0 
0    0 0 0 0 0 0 0 0 0 0 
0    0 0 0 0 0 0 0 0 0 0 
0    0 0 0 0 0 0 0 0 0 0 
0    0 0 0 0 0 0 0 0 0 0 
0    0 0 0 0 0 0 0 0 0 0 
0    0 0 0 0 0 0 0 0 0 0 
0    0 0 0 0 0 0 0 0 0 0 
0    0 0 0 0 0 0 0 0 0 0 
0    0 0 0 0 0 0 0 0 0 0 
0    0 0 0 0 0 0 0 0 0 0 
0    0 0 0 0 0 0 0 0 0 0 
0    0 0 0 0 0 0 0 0 0 0 
0    0 0 0 0 0 0 0 0 0 0 
0    0 0 0 0 0 0 0 0 0 0 
0    0 0 0 0 0 0 0 0 0 0 
0    0 0 0 0 0 0 0 0 0 0 
0    0 0 0 0 0 0 0 0 0 0 
0    0 0 0 0 0 0 0 0 0 0 
0    0 0 0 0 0 0 0 0 0 0 
0    0 0 0 0 0 0 0 0 0 0 
0    0 0 0 0 0 0 0 0 0 0 
0    0 0 0 0 0 0 0 0 0 0 
0    0 0 0 0 0 0 0 0 0 0 
0    0 0 0 0 0 0 0 0 0 0 
0    0 0 0 0 0 0 0 0 0 0 
0    0 0 0 0 0 0 0 0 0 0 
0    0 0 0 0 0 0 0 0 0 0 
0    0 0 0 0 0 0 0 0 0 0 
0    0 0 0 0 0 0 0 0 0 0 
0    0 0 0 0 0 0 0 0 0 0 
0    0 0 0 0 0 0 0 0 0 0 
0    0 0 0 0 0 0 0 0 0 0 
0    0 0 0 0 0 0 0 0 0 0 
0    0 0 0 0 0 0 0 0 0 0 
0    0 0 0 0 0 0 0 0 0 0 
0    0 0 0 0 0 0 0 0 0 0 
0    0 0 0 0 0 0 0 0 0 0 
0    0 0 0 0 0 0 0 0 0 0 
0    0 0 0 0 0 0 0 0 0 0 
0    0 0 0 0 0 0 0 0 0 0 
0    0 0 0 0 0 0 0 0 0 0 
0    0 0 0 0 0 0 0 0 0 0 
0    0 0 0 0 0 0 0 0 0 0 
0    0 0 0 0 0 0 0 0 0 0 
0    0 0 0 0 0 0 0 0 0 0 
0    0 0 0 0 0 0 0 0 0 0 
0    0 0 0 0 0 0 0 0 0 0 
0    0 0 0 0 0 0 0 0 0 0 
0    0 0 0 0 0 0 0 0 0 0 
0    0 0 0 0 0 0 0 0 0 0 
0    0 0 0 0 0 0 0 0 0 0 
0    0 0 0 0 0 0 0 0 0 0 
0    0 0 0 0 0 0 0 0 0 0 
0    0 0 0 0 0 0 0 0 0 0 
0    0 0 0 0 0 0 0 0 0 0 
0    0 0 0 0 0 0 0 0 0 0 
0    0 0 0 0 0 0 0 0 0 0 
0    0 0 0 0 0 0 0 0 0 0 
0    0 0 0 0 0 0 0 0 0 0 
0    0 0 0 0 0 0 0 0 0 0 
0    0 0 0 0 0 0 0 0 0 0 
0    0 0 0 0 0 0 0 0 0 0 
0    0 0 0 0 0 0 0 0 0 0 
0    0 0 0 0 0 0 0 0 0 0 
0    0 0 0 0 0 0 0 0 0 0 
0    0 0 0 0 0 0 0 0 0 0 
0    0 0 0 0 0 0 0 0 0 0 
0    0 0 0 0 0 0 0 0 0 0 
0    0 0 0 0 0 0 0 0 0 0 
0    0 0 0 0 0 0 0 0 0 0 
0    0 0 0 0 0 0 0 0 0 0 
0    0 0 0 0 0 0 0 0 0 0 
0    0 0 0 0 0 0 0 0 0 0 
0    0 0 0 0 0 0 0 0 0 0 
0    0 0 0 0 0 0 0 0 0 0 
0    0 0 0 0 0 0 0 0 0 0 
0    0 0 0 0 0 0 0 0 0 0 
0    0 0 0 0 0 0 0 0 0 0 
0    0 0 0 0 0 0 0 0 0 0 
0    0 0 0 0 0 0 0 0 0 0 
0    0 0 0 0 0 0 0 0 0 0 
0    0 0 0 0 0 0 0 0 0 0 
0    0 0 0 0 0 0 0 0 0 0 
0    0 0 0 0 0 0 0 0 0 0 
0    0 0 0 0 0 0 0 0 0 0 
0    0 0 0 0 0 0 0 0 0 0 
0    0 0 0 0 0 0 0 0 0 0 
0    0 0 0 0 0 0 0 0 0 0 
0    0 0 0 0 0 0 0 0 0 0 
0    0 0 0 0 0 0 0 0 0 0 
0    0 0 0 0 0 0 0 0 0 0 
0    0 0 0 0 0 0 0 0 0 0 
0    0 0 0 0 0 0 0 0 0 0 
0    0 0 0 0 0 0 0 0 0 0 
0    0 0 0 0 0 0 0 0 0 0 
0    0 0 0 0 0 0 0 0 0 0 
0    0 0 0 0 0 0 0 0 0 0 
0    0 0 0 0 0 0 0 0 0 0 
0    0 0 0 0 0 0 0 0 0 0 
0    0 0 0 0 0 0 0 0 0 0 
0    0 0 0 0 0 0 0 0 0 0 
0    0 0 0 0 0 0 0 0 0 0 
0    0 0 0 0 0 0 0 0 0 0 
0    0 0 0 0 0 0 0 0 0 0 
0    0 0 0 0 0 0 0 0 0 0 
0    0 0 0 0 0 0 0 0 0 0 
0    0 0 0 0 0 0 0 0 0 0 
0    0 0 0 0 0 0 0 0 0 0 
0    0 0 0 0 0 0 0 0 0 0 
0    0 0 0 0 0 0 0 0 0 0 
0    0 0 0 0 0 0 0 0 0 0 
0    0 0 0 0 0 0 0 0 0 0 
0    0 0 0 0 0 0 0 0 0 0 
0    0 0 0 0 0 0 0 0 0 0 
0    0 0 0 0 0 0 0 0 0 0 
0    0 0 0 0 0 0 0 0 0 0 
0    0 0 0 0 0 0 0 0 0 0 
0    0 0 0 0 0 0 0 0 0 0 
0    0 0 0 0 0 0 0 0 0 0 
0    0 0 0 0 0 0 0 0 0 0 
0    0 0 0 0 0 0 0 0 0 0 
0    0 0 0 0 0 0 0 0 0 0 
0    0 0 0 0 0 0 0 0 0 0 
0    0 0 0 0 0 0 0 0 0 0 
0    0 0 0 0 0 0 0 0 0 0 
0    0 0 0 0 0 0 0 0 0 0 
0    0 0 0 0 0 0 0 0 0 0 
0    0 0 0 0 0 0 0 0 0 0 
0    0 0 0 0 0 0 0 0 0 0 
0    0 0 0 0 0 0 0 0 0 0 
0    0 0 0 0 0 0 0 0 0 0 
