0.006    13814 0 0 0 0 0 0 0 0 0 
0.15    12035 1779 0 0 0 0 0 0 0 0 
0.075    9196 2839 1779 0 0 0 0 0 0 0 
0.14994    7538 4497 1779 0 0 0 0 0 0 0 
0.02006    0 1658 2839 1779 0 0 0 0 0 0 
0.11616    6433 7381 0 0 0 0 0 0 0 0 
0.20288    0 5602 1779 0 0 0 0 0 0 0 
0.00096    0 2401 3201 1779 0 0 0 0 0 0 
0.00405    5555 8259 0 0 0 0 0 0 0 0 
0.0315    0 6480 1779 0 0 0 0 0 0 0 
0.0018    0 3641 2839 1779 0 0 0 0 0 0 
0.00765    0 3279 3201 1779 0 0 0 0 0 0 
0.0396    5225 6810 1779 0 0 0 0 0 0 0 
0.001935    0 3971 2839 1779 0 0 0 0 0 0 
0.00273861    0 2313 4497 1779 0 0 0 0 0 0 
0.00036639    0 0 1658 2839 1779 0 0 0 0 0 
0.000133245    0 1701 5109 1779 0 0 0 0 0 0 
1.755e-06    0 0 2270 2839 1779 0 0 0 0 0 
0.000148275    0 790 6020 1779 0 0 0 0 0 0 
2.925e-06    0 0 3181 2839 1779 0 0 0 0 0 
6.46947e-05    0 0 1523 4497 1779 0 0 0 0 0 
8.6553e-06    0 0 0 1658 2839 1779 0 0 0 0 
2.22075e-07    0 0 911 5109 1779 0 0 0 0 0 
2.925e-09    0 0 0 2270 2839 1779 0 0 0 0 
0.04158    4649 7386 1779 0 0 0 0 0 0 0 
0.02781    0 4547 2839 1779 0 0 0 0 0 0 
0.001197    0 2286 6879 0 0 0 0 0 0 0 
0.00046683    0 0 5100 1779 0 0 0 0 0 0 
4.617e-05    0 0 2261 2839 1779 0 0 0 0 0 
0.00257607    0 2277 5109 1779 0 0 0 0 0 0 
3.393e-05    0 0 2270 2839 1779 0 0 0 0 0 
0.00441045    0 1784 7381 0 0 0 0 0 0 0 
0.0077031    0 0 5602 1779 0 0 0 0 0 0 
3.645e-05    0 0 2401 3201 1779 0 0 0 0 0 
0.003807    0 1749 7416 0 0 0 0 0 0 0 
0.000243    0 0 5637 1779 0 0 0 0 0 0 
0.006149    4397 7638 1779 0 0 0 0 0 0 0 
0.006708    0 4799 2839 1779 0 0 0 0 0 0 
0.000493038    0 3141 4497 1779 0 0 0 0 0 0 
6.5962e-05    0 0 1658 2839 1779 0 0 0 0 0 
0.00343772    0 2529 5109 1779 0 0 0 0 0 0 
4.5279e-05    0 0 2270 2839 1779 0 0 0 0 0 
7.8045e-05    0 2036 7381 0 0 0 0 0 0 0 
0.00013631    0 0 5602 1779 0 0 0 0 0 0 
6.45e-07    0 0 2401 3201 1779 0 0 0 0 0 
0.00226352    0 2001 7416 0 0 0 0 0 0 0 
0.00014448    0 0 5637 1779 0 0 0 0 0 0 
0.0121849    0 1618 6020 1779 0 0 0 0 0 0 
0.00024037    0 0 3181 2839 1779 0 0 0 0 0 
0.00531647    0 0 1523 4497 1779 0 0 0 0 0 
0.000711273    0 0 0 1658 2839 1779 0 0 0 0 
1.82496e-05    0 0 911 5109 1779 0 0 0 0 0 
2.4037e-07    0 0 0 2270 2839 1779 0 0 0 0 
0.00415999    0 1484 7933 0 0 0 0 0 0 0 
0.00027434    0 0 6154 1779 0 0 0 0 0 0 
0.000234436    0 0 3315 2839 1779 0 0 0 0 0 
0.00019952    0 0 2953 3201 1779 0 0 0 0 0 
0.000105586    0 0 1657 4497 1779 0 0 0 0 0 
1.4126e-05    0 0 0 1658 2839 1779 0 0 0 0 
0.023912    4334 9480 0 0 0 0 0 0 0 0 
0.000728    0 7701 1779 0 0 0 0 0 0 0 
0.001792    0 4862 2839 1779 0 0 0 0 0 0 
0.00126    0 4500 3201 1779 0 0 0 0 0 0 
6.0984e-05    0 2099 7381 0 0 0 0 0 0 0 
0.000106512    0 0 5602 1779 0 0 0 0 0 0 
5.04e-07    0 0 2401 3201 1779 0 0 0 0 0 
0.0001316    0 2064 7416 0 0 0 0 0 0 0 
8.4e-06    0 0 5637 1779 0 0 0 0 0 0 
0.009016    3300 10514 0 0 0 0 0 0 0 0 
0.017696    0 8735 1779 0 0 0 0 0 0 0 
0.001288    0 5534 3201 1779 0 0 0 0 0 0 
0    0 0 0 0 0 0 0 0 0 0 
0    0 0 0 0 0 0 0 0 0 0 
0    0 0 0 0 0 0 0 0 0 0 
0    0 0 0 0 0 0 0 0 0 0 
0    0 0 0 0 0 0 0 0 0 0 
0    0 0 0 0 0 0 0 0 0 0 
0    0 0 0 0 0 0 0 0 0 0 
0    0 0 0 0 0 0 0 0 0 0 
0    0 0 0 0 0 0 0 0 0 0 
0    0 0 0 0 0 0 0 0 0 0 
0    0 0 0 0 0 0 0 0 0 0 
0    0 0 0 0 0 0 0 0 0 0 
0    0 0 0 0 0 0 0 0 0 0 
0    0 0 0 0 0 0 0 0 0 0 
0    0 0 0 0 0 0 0 0 0 0 
0    0 0 0 0 0 0 0 0 0 0 
0    0 0 0 0 0 0 0 0 0 0 
0    0 0 0 0 0 0 0 0 0 0 
0    0 0 0 0 0 0 0 0 0 0 
0    0 0 0 0 0 0 0 0 0 0 
0    0 0 0 0 0 0 0 0 0 0 
0    0 0 0 0 0 0 0 0 0 0 
0    0 0 0 0 0 0 0 0 0 0 
0    0 0 0 0 0 0 0 0 0 0 
0    0 0 0 0 0 0 0 0 0 0 
0    0 0 0 0 0 0 0 0 0 0 
0    0 0 0 0 0 0 0 0 0 0 
0    0 0 0 0 0 0 0 0 0 0 
0    0 0 0 0 0 0 0 0 0 0 
0    0 0 0 0 0 0 0 0 0 0 
0    0 0 0 0 0 0 0 0 0 0 
0    0 0 0 0 0 0 0 0 0 0 
0    0 0 0 0 0 0 0 0 0 0 
0    0 0 0 0 0 0 0 0 0 0 
0    0 0 0 0 0 0 0 0 0 0 
0    0 0 0 0 0 0 0 0 0 0 
0    0 0 0 0 0 0 0 0 0 0 
0    0 0 0 0 0 0 0 0 0 0 
0    0 0 0 0 0 0 0 0 0 0 
0    0 0 0 0 0 0 0 0 0 0 
0    0 0 0 0 0 0 0 0 0 0 
0    0 0 0 0 0 0 0 0 0 0 
0    0 0 0 0 0 0 0 0 0 0 
0    0 0 0 0 0 0 0 0 0 0 
0    0 0 0 0 0 0 0 0 0 0 
0    0 0 0 0 0 0 0 0 0 0 
0    0 0 0 0 0 0 0 0 0 0 
0    0 0 0 0 0 0 0 0 0 0 
0    0 0 0 0 0 0 0 0 0 0 
0    0 0 0 0 0 0 0 0 0 0 
0    0 0 0 0 0 0 0 0 0 0 
0    0 0 0 0 0 0 0 0 0 0 
0    0 0 0 0 0 0 0 0 0 0 
0    0 0 0 0 0 0 0 0 0 0 
0    0 0 0 0 0 0 0 0 0 0 
0    0 0 0 0 0 0 0 0 0 0 
0    0 0 0 0 0 0 0 0 0 0 
0    0 0 0 0 0 0 0 0 0 0 
0    0 0 0 0 0 0 0 0 0 0 
0    0 0 0 0 0 0 0 0 0 0 
0    0 0 0 0 0 0 0 0 0 0 
0    0 0 0 0 0 0 0 0 0 0 
0    0 0 0 0 0 0 0 0 0 0 
0    0 0 0 0 0 0 0 0 0 0 
0    0 0 0 0 0 0 0 0 0 0 
0    0 0 0 0 0 0 0 0 0 0 
0    0 0 0 0 0 0 0 0 0 0 
0    0 0 0 0 0 0 0 0 0 0 
0    0 0 0 0 0 0 0 0 0 0 
0    0 0 0 0 0 0 0 0 0 0 
0    0 0 0 0 0 0 0 0 0 0 
0    0 0 0 0 0 0 0 0 0 0 
0    0 0 0 0 0 0 0 0 0 0 
0    0 0 0 0 0 0 0 0 0 0 
0    0 0 0 0 0 0 0 0 0 0 
0    0 0 0 0 0 0 0 0 0 0 
0    0 0 0 0 0 0 0 0 0 0 
0    0 0 0 0 0 0 0 0 0 0 
0    0 0 0 0 0 0 0 0 0 0 
0    0 0 0 0 0 0 0 0 0 0 
0    0 0 0 0 0 0 0 0 0 0 
0    0 0 0 0 0 0 0 0 0 0 
0    0 0 0 0 0 0 0 0 0 0 
0    0 0 0 0 0 0 0 0 0 0 
0    0 0 0 0 0 0 0 0 0 0 
0    0 0 0 0 0 0 0 0 0 0 
0    0 0 0 0 0 0 0 0 0 0 
0    0 0 0 0 0 0 0 0 0 0 
0    0 0 0 0 0 0 0 0 0 0 
0    0 0 0 0 0 0 0 0 0 0 
0    0 0 0 0 0 0 0 0 0 0 
0    0 0 0 0 0 0 0 0 0 0 
0    0 0 0 0 0 0 0 0 0 0 
0    0 0 0 0 0 0 0 0 0 0 
0    0 0 0 0 0 0 0 0 0 0 
0    0 0 0 0 0 0 0 0 0 0 
0    0 0 0 0 0 0 0 0 0 0 
0    0 0 0 0 0 0 0 0 0 0 
0    0 0 0 0 0 0 0 0 0 0 
0    0 0 0 0 0 0 0 0 0 0 
0    0 0 0 0 0 0 0 0 0 0 
0    0 0 0 0 0 0 0 0 0 0 
0    0 0 0 0 0 0 0 0 0 0 
0    0 0 0 0 0 0 0 0 0 0 
0    0 0 0 0 0 0 0 0 0 0 
0    0 0 0 0 0 0 0 0 0 0 
0    0 0 0 0 0 0 0 0 0 0 
0    0 0 0 0 0 0 0 0 0 0 
0    0 0 0 0 0 0 0 0 0 0 
0    0 0 0 0 0 0 0 0 0 0 
0    0 0 0 0 0 0 0 0 0 0 
0    0 0 0 0 0 0 0 0 0 0 
0    0 0 0 0 0 0 0 0 0 0 
0    0 0 0 0 0 0 0 0 0 0 
0    0 0 0 0 0 0 0 0 0 0 
0    0 0 0 0 0 0 0 0 0 0 
0    0 0 0 0 0 0 0 0 0 0 
0    0 0 0 0 0 0 0 0 0 0 
0    0 0 0 0 0 0 0 0 0 0 
0    0 0 0 0 0 0 0 0 0 0 
0    0 0 0 0 0 0 0 0 0 0 
0    0 0 0 0 0 0 0 0 0 0 
0    0 0 0 0 0 0 0 0 0 0 
0    0 0 0 0 0 0 0 0 0 0 
0    0 0 0 0 0 0 0 0 0 0 
0    0 0 0 0 0 0 0 0 0 0 
0    0 0 0 0 0 0 0 0 0 0 
0    0 0 0 0 0 0 0 0 0 0 
0    0 0 0 0 0 0 0 0 0 0 
0    0 0 0 0 0 0 0 0 0 0 
0    0 0 0 0 0 0 0 0 0 0 
0    0 0 0 0 0 0 0 0 0 0 
0    0 0 0 0 0 0 0 0 0 0 
0    0 0 0 0 0 0 0 0 0 0 
0    0 0 0 0 0 0 0 0 0 0 
0    0 0 0 0 0 0 0 0 0 0 
0    0 0 0 0 0 0 0 0 0 0 
0    0 0 0 0 0 0 0 0 0 0 
0    0 0 0 0 0 0 0 0 0 0 
0    0 0 0 0 0 0 0 0 0 0 
0    0 0 0 0 0 0 0 0 0 0 
0    0 0 0 0 0 0 0 0 0 0 
0    0 0 0 0 0 0 0 0 0 0 
0    0 0 0 0 0 0 0 0 0 0 
0    0 0 0 0 0 0 0 0 0 0 
0    0 0 0 0 0 0 0 0 0 0 
0    0 0 0 0 0 0 0 0 0 0 
0    0 0 0 0 0 0 0 0 0 0 
0    0 0 0 0 0 0 0 0 0 0 
0    0 0 0 0 0 0 0 0 0 0 
0    0 0 0 0 0 0 0 0 0 0 
0    0 0 0 0 0 0 0 0 0 0 
0    0 0 0 0 0 0 0 0 0 0 
0    0 0 0 0 0 0 0 0 0 0 
0    0 0 0 0 0 0 0 0 0 0 
0    0 0 0 0 0 0 0 0 0 0 
0    0 0 0 0 0 0 0 0 0 0 
0    0 0 0 0 0 0 0 0 0 0 
0    0 0 0 0 0 0 0 0 0 0 
0    0 0 0 0 0 0 0 0 0 0 
0    0 0 0 0 0 0 0 0 0 0 
0    0 0 0 0 0 0 0 0 0 0 
0    0 0 0 0 0 0 0 0 0 0 
0    0 0 0 0 0 0 0 0 0 0 
0    0 0 0 0 0 0 0 0 0 0 
0    0 0 0 0 0 0 0 0 0 0 
0    0 0 0 0 0 0 0 0 0 0 
0    0 0 0 0 0 0 0 0 0 0 
0    0 0 0 0 0 0 0 0 0 0 
0    0 0 0 0 0 0 0 0 0 0 
0    0 0 0 0 0 0 0 0 0 0 
0    0 0 0 0 0 0 0 0 0 0 
0    0 0 0 0 0 0 0 0 0 0 
0    0 0 0 0 0 0 0 0 0 0 
0    0 0 0 0 0 0 0 0 0 0 
0    0 0 0 0 0 0 0 0 0 0 
0    0 0 0 0 0 0 0 0 0 0 
0    0 0 0 0 0 0 0 0 0 0 
0    0 0 0 0 0 0 0 0 0 0 
0    0 0 0 0 0 0 0 0 0 0 
0    0 0 0 0 0 0 0 0 0 0 
0    0 0 0 0 0 0 0 0 0 0 
0    0 0 0 0 0 0 0 0 0 0 
0    0 0 0 0 0 0 0 0 0 0 
0    0 0 0 0 0 0 0 0 0 0 
0    0 0 0 0 0 0 0 0 0 0 
0    0 0 0 0 0 0 0 0 0 0 
0    0 0 0 0 0 0 0 0 0 0 
0    0 0 0 0 0 0 0 0 0 0 
0    0 0 0 0 0 0 0 0 0 0 
0    0 0 0 0 0 0 0 0 0 0 
0    0 0 0 0 0 0 0 0 0 0 
0    0 0 0 0 0 0 0 0 0 0 
0    0 0 0 0 0 0 0 0 0 0 
0    0 0 0 0 0 0 0 0 0 0 
0    0 0 0 0 0 0 0 0 0 0 
0    0 0 0 0 0 0 0 0 0 0 
0    0 0 0 0 0 0 0 0 0 0 
0    0 0 0 0 0 0 0 0 0 0 
0    0 0 0 0 0 0 0 0 0 0 
0    0 0 0 0 0 0 0 0 0 0 
0    0 0 0 0 0 0 0 0 0 0 
0    0 0 0 0 0 0 0 0 0 0 
0    0 0 0 0 0 0 0 0 0 0 
0    0 0 0 0 0 0 0 0 0 0 
0    0 0 0 0 0 0 0 0 0 0 
0    0 0 0 0 0 0 0 0 0 0 
0    0 0 0 0 0 0 0 0 0 0 
0    0 0 0 0 0 0 0 0 0 0 
0    0 0 0 0 0 0 0 0 0 0 
0    0 0 0 0 0 0 0 0 0 0 
0    0 0 0 0 0 0 0 0 0 0 
0    0 0 0 0 0 0 0 0 0 0 
0    0 0 0 0 0 0 0 0 0 0 
0    0 0 0 0 0 0 0 0 0 0 
0    0 0 0 0 0 0 0 0 0 0 
0    0 0 0 0 0 0 0 0 0 0 
0    0 0 0 0 0 0 0 0 0 0 
0    0 0 0 0 0 0 0 0 0 0 
0    0 0 0 0 0 0 0 0 0 0 
0    0 0 0 0 0 0 0 0 0 0 
0    0 0 0 0 0 0 0 0 0 0 
0    0 0 0 0 0 0 0 0 0 0 
0    0 0 0 0 0 0 0 0 0 0 
0    0 0 0 0 0 0 0 0 0 0 
0    0 0 0 0 0 0 0 0 0 0 
0    0 0 0 0 0 0 0 0 0 0 
0    0 0 0 0 0 0 0 0 0 0 
0    0 0 0 0 0 0 0 0 0 0 
