0.02    12233 1779 0 0 0 0 0 0 0 0 
0.882    9394 2839 1779 0 0 0 0 0 0 0 
0.009702    7736 4497 1779 0 0 0 0 0 0 0 
0.001298    0 1658 2839 1779 0 0 0 0 0 0 
0.0112    7133 6879 0 0 0 0 0 0 0 0 
0.004368    0 5100 1779 0 0 0 0 0 0 0 
0.000432    0 2261 2839 1779 0 0 0 0 0 0 
0.007896    7124 5109 1779 0 0 0 0 0 0 0 
0.000104    0 2270 2839 1779 0 0 0 0 0 0 
0.002717    4595 7638 1779 0 0 0 0 0 0 0 
0.002964    0 4799 2839 1779 0 0 0 0 0 0 
0.000217854    0 3141 4497 1779 0 0 0 0 0 0 
2.9146e-05    0 0 1658 2839 1779 0 0 0 0 0 
0.00151899    0 2529 5109 1779 0 0 0 0 0 0 
2.0007e-05    0 0 2270 2839 1779 0 0 0 0 0 
3.4485e-05    0 2036 7381 0 0 0 0 0 0 0 
6.023e-05    0 0 5602 1779 0 0 0 0 0 0 
2.85e-07    0 0 2401 3201 1779 0 0 0 0 0 
0.00100016    0 2001 7416 0 0 0 0 0 0 0 
6.384e-05    0 0 5637 1779 0 0 0 0 0 0 
0.00538403    0 1618 6020 1779 0 0 0 0 0 0 
0.00010621    0 0 3181 2839 1779 0 0 0 0 0 
0.00234914    0 0 1523 4497 1779 0 0 0 0 0 
0.000314284    0 0 0 1658 2839 1779 0 0 0 0 
8.06379e-06    0 0 911 5109 1779 0 0 0 0 0 
1.0621e-07    0 0 0 2270 2839 1779 0 0 0 0 
0.00183814    0 1484 7933 0 0 0 0 0 0 0 
0.00012122    0 0 6154 1779 0 0 0 0 0 0 
0.000103588    0 0 3315 2839 1779 0 0 0 0 0 
8.816e-05    0 0 2953 3201 1779 0 0 0 0 0 
4.66543e-05    0 0 1657 4497 1779 0 0 0 0 0 
6.24173e-06    0 0 0 1658 2839 1779 0 0 0 0 
0.002992    3803 8430 1779 0 0 0 0 0 0 0 
0.000868    0 5591 2839 1779 0 0 0 0 0 0 
0.0001316    0 2793 7416 0 0 0 0 0 0 0 
8.4e-06    0 0 5637 1779 0 0 0 0 0 0 
0.000139    3594 5800 2839 1779 0 0 0 0 0 0 
0.000645624    0 4142 4497 1779 0 0 0 0 0 0 
8.6376e-05    0 0 1658 2839 1779 0 0 0 0 0 
8.1921e-05    0 3530 5109 1779 0 0 0 0 0 0 
1.079e-06    0 0 2270 2839 1779 0 0 0 0 0 
2.9655e-05    0 2619 6020 1779 0 0 0 0 0 0 
5.85e-07    0 0 3181 2839 1779 0 0 0 0 0 
1.29389e-05    0 0 1523 4497 1779 0 0 0 0 0 
1.73106e-06    0 0 0 1658 2839 1779 0 0 0 0 
4.4415e-08    0 0 911 5109 1779 0 0 0 0 0 
5.85e-10    0 0 0 2270 2839 1779 0 0 0 0 
0.00078    3344 8889 1779 0 0 0 0 0 0 0 
0.000936    0 6050 2839 1779 0 0 0 0 0 0 
0.0022244    0 4392 4497 1779 0 0 0 0 0 0 
0.000297596    0 0 1658 2839 1779 0 0 0 0 0 
0.000179634    0 3780 5109 1779 0 0 0 0 0 0 
2.366e-06    0 0 2270 2839 1779 0 0 0 0 0 
1.8876e-05    0 3287 7381 0 0 0 0 0 0 0 
3.2968e-05    0 0 5602 1779 0 0 0 0 0 0 
1.56e-07    0 0 2401 3201 1779 0 0 0 0 0 
0.00144196    0 3252 7416 0 0 0 0 0 0 0 
9.204e-05    0 0 5637 1779 0 0 0 0 0 0 
0.000128505    0 2869 6020 1779 0 0 0 0 0 0 
2.535e-06    0 0 3181 2839 1779 0 0 0 0 0 
5.60687e-05    0 0 1523 4497 1779 0 0 0 0 0 
7.50126e-06    0 0 0 1658 2839 1779 0 0 0 0 
1.92465e-07    0 0 911 5109 1779 0 0 0 0 0 
2.535e-09    0 0 0 2270 2839 1779 0 0 0 0 
0.00059631    0 2735 7933 0 0 0 0 0 0 0 
3.9325e-05    0 0 6154 1779 0 0 0 0 0 0 
3.3605e-05    0 0 3315 2839 1779 0 0 0 0 0 
2.86e-05    0 0 2953 3201 1779 0 0 0 0 0 
1.51351e-05    0 0 1657 4497 1779 0 0 0 0 0 
2.02488e-06    0 0 0 1658 2839 1779 0 0 0 0 
8.19e-06    0 2409 8259 0 0 0 0 0 0 0 
6.37e-05    0 0 6480 1779 0 0 0 0 0 0 
3.64e-06    0 0 3641 2839 1779 0 0 0 0 0 
1.547e-05    0 0 3279 3201 1779 0 0 0 0 0 
3.9e-05    0 2124 3926 2839 1779 0 0 0 0 0 
0.00059488    0 2079 6810 1779 0 0 0 0 0 0 
2.9068e-05    0 0 3971 2839 1779 0 0 0 0 0 
4.114e-05    0 0 2313 4497 1779 0 0 0 0 0 
5.50399e-06    0 0 0 1658 2839 1779 0 0 0 0 
2.00164e-06    0 0 1701 5109 1779 0 0 0 0 0 
2.6364e-08    0 0 0 2270 2839 1779 0 0 0 0 
2.22742e-06    0 0 790 6020 1779 0 0 0 0 0 
4.394e-08    0 0 0 3181 2839 1779 0 0 0 0 
9.71858e-07    0 0 0 1523 4497 1779 0 0 0 0 
1.30022e-07    0 0 0 0 1658 2839 1779 0 0 0 
3.33606e-09    0 0 0 911 5109 1779 0 0 0 0 
4.394e-11    0 0 0 0 2270 2839 1779 0 0 0 
5.551e-05    0 1723 4327 2839 1779 0 0 0 0 0 
3.50286e-05    0 0 2057 5109 1779 0 0 0 0 0 
4.6137e-07    0 0 0 2270 2839 1779 0 0 0 0 
0.00363345    0 1352 7537 1779 0 0 0 0 0 0 
0.00118659    0 0 3040 4497 1779 0 0 0 0 0 
0.000158751    0 0 0 1658 2839 1779 0 0 0 0 
5.70905e-05    0 0 1517 6020 1779 0 0 0 0 0 
1.12622e-06    0 0 0 3181 2839 1779 0 0 0 0 
2.49095e-05    0 0 0 1523 4497 1779 0 0 0 0 
3.33256e-06    0 0 0 0 1658 2839 1779 0 0 0 
8.55058e-08    0 0 0 911 5109 1779 0 0 0 0 
1.12622e-09    0 0 0 0 2270 2839 1779 0 0 0 
2.69069e-05    0 0 727 6810 1779 0 0 0 0 0 
1.31477e-06    0 0 0 3971 2839 1779 0 0 0 0 
1.86079e-06    0 0 0 2313 4497 1779 0 0 0 0 
2.4895e-07    0 0 0 0 1658 2839 1779 0 0 0 
9.05355e-08    0 0 0 1701 5109 1779 0 0 0 0 
1.19246e-09    0 0 0 0 2270 2839 1779 0 0 0 
1.00748e-07    0 0 0 790 6020 1779 0 0 0 0 
1.98744e-09    0 0 0 0 3181 2839 1779 0 0 0 
4.39579e-08    0 0 0 0 1523 4497 1779 0 0 0 
5.88099e-09    0 0 0 0 0 0 1658 2839 1779 0 
1.50893e-10    0 0 0 0 911 5109 1779 0 0 0 
1.98744e-12    0 0 0 0 0 0 2270 2839 1779 0 
1.287e-06    0 1286 9382 0 0 0 0 0 0 0 
3.4827e-05    0 0 7603 1779 0 0 0 0 0 0 
1.37592e-06    0 0 3106 4497 1779 0 0 0 0 0 
1.8408e-07    0 0 0 1658 2839 1779 0 0 0 0 
3.666e-08    0 0 1966 7416 0 0 0 0 0 0 
2.34e-09    0 0 0 5637 1779 0 0 0 0 0 
9.10728e-07    0 0 1449 7933 0 0 0 0 0 0 
6.006e-08    0 0 0 6154 1779 0 0 0 0 0 
5.1324e-08    0 0 0 3315 2839 1779 0 0 0 0 
4.368e-08    0 0 0 2953 3201 1779 0 0 0 0 
2.31155e-08    0 0 0 1657 4497 1779 0 0 0 0 
3.09254e-09    0 0 0 0 1658 2839 1779 0 0 0 
1.755e-08    0 0 1123 8259 0 0 0 0 0 0 
1.365e-07    0 0 0 6480 1779 0 0 0 0 0 
7.8e-09    0 0 0 3641 2839 1779 0 0 0 0 
3.315e-08    0 0 0 3279 3201 1779 0 0 0 0 
5.577e-06    0 1251 7638 1779 0 0 0 0 0 0 
6.084e-06    0 0 4799 2839 1779 0 0 0 0 0 
4.47174e-07    0 0 3141 4497 1779 0 0 0 0 0 
5.9826e-08    0 0 0 1658 2839 1779 0 0 0 0 
3.11793e-06    0 0 2529 5109 1779 0 0 0 0 0 
4.1067e-08    0 0 0 2270 2839 1779 0 0 0 0 
7.0785e-08    0 0 2036 7381 0 0 0 0 0 0 
1.2363e-07    0 0 0 5602 1779 0 0 0 0 0 
5.85e-10    0 0 0 2401 3201 1779 0 0 0 0 
2.05296e-06    0 0 2001 7416 0 0 0 0 0 0 
1.3104e-07    0 0 0 5637 1779 0 0 0 0 0 
1.10514e-05    0 0 1618 6020 1779 0 0 0 0 0 
2.1801e-07    0 0 0 3181 2839 1779 0 0 0 0 
4.82191e-06    0 0 0 1523 4497 1779 0 0 0 0 
6.45108e-07    0 0 0 0 1658 2839 1779 0 0 0 
1.6552e-08    0 0 0 911 5109 1779 0 0 0 0 
2.1801e-10    0 0 0 0 2270 2839 1779 0 0 0 
3.77302e-06    0 0 1484 7933 0 0 0 0 0 0 
2.4882e-07    0 0 0 6154 1779 0 0 0 0 0 
2.12628e-07    0 0 0 3315 2839 1779 0 0 0 0 
1.8096e-07    0 0 0 2953 3201 1779 0 0 0 0 
9.5764e-08    0 0 0 1657 4497 1779 0 0 0 0 
1.2812e-08    0 0 0 0 1658 2839 1779 0 0 0 
0.001527    3068 9165 1779 0 0 0 0 0 0 0 
0.000116523    0 3563 7381 0 0 0 0 0 0 0 
0.000203514    0 0 5602 1779 0 0 0 0 0 0 
9.63e-07    0 0 2401 3201 1779 0 0 0 0 0 
0.00060348    0 3528 7416 0 0 0 0 0 0 0 
3.852e-05    0 0 5637 1779 0 0 0 0 0 0 
3.564e-05    0 2685 8259 0 0 0 0 0 0 0 
0.0002772    0 0 6480 1779 0 0 0 0 0 0 
1.584e-05    0 0 3641 2839 1779 0 0 0 0 0 
6.732e-05    0 0 3279 3201 1779 0 0 0 0 0 
9.4017e-05    0 1448 9496 0 0 0 0 0 0 0 
1.6983e-05    0 0 7717 1779 0 0 0 0 0 0 
0.000444    2747 11265 0 0 0 0 0 0 0 0 
0.003408    0 9486 1779 0 0 0 0 0 0 0 
0.000104932    0 1083 5564 2839 1779 0 0 0 0 0 
9.26806e-06    0 0 3906 4497 1779 0 0 0 0 0 
1.23994e-06    0 0 0 1658 2839 1779 0 0 0 0 
1.50427e-05    0 0 1017 7386 1779 0 0 0 0 0 
1.0061e-05    0 0 0 4547 2839 1779 0 0 0 0 
4.33048e-07    0 0 0 2286 6879 0 0 0 0 0 
1.68889e-07    0 0 0 0 5100 1779 0 0 0 0 
1.67033e-08    0 0 0 0 2261 2839 1779 0 0 0 
9.31965e-07    0 0 0 2277 5109 1779 0 0 0 0 
1.22751e-08    0 0 0 0 2270 2839 1779 0 0 0 
1.5956e-06    0 0 0 1784 7381 0 0 0 0 0 
2.78681e-06    0 0 0 0 5602 1779 0 0 0 0 
1.31868e-08    0 0 0 0 2401 3201 1779 0 0 0 
1.37729e-06    0 0 0 1749 7416 0 0 0 0 0 
8.7912e-08    0 0 0 0 5637 1779 0 0 0 0 
0.019    2233 7161 2839 1779 0 0 0 0 0 0 
0    0 0 0 0 0 0 0 0 0 0 
0    0 0 0 0 0 0 0 0 0 0 
0    0 0 0 0 0 0 0 0 0 0 
0    0 0 0 0 0 0 0 0 0 0 
0    0 0 0 0 0 0 0 0 0 0 
0    0 0 0 0 0 0 0 0 0 0 
0    0 0 0 0 0 0 0 0 0 0 
0    0 0 0 0 0 0 0 0 0 0 
0    0 0 0 0 0 0 0 0 0 0 
0    0 0 0 0 0 0 0 0 0 0 
0    0 0 0 0 0 0 0 0 0 0 
0    0 0 0 0 0 0 0 0 0 0 
0    0 0 0 0 0 0 0 0 0 0 
0    0 0 0 0 0 0 0 0 0 0 
0    0 0 0 0 0 0 0 0 0 0 
0    0 0 0 0 0 0 0 0 0 0 
0    0 0 0 0 0 0 0 0 0 0 
0    0 0 0 0 0 0 0 0 0 0 
0    0 0 0 0 0 0 0 0 0 0 
0    0 0 0 0 0 0 0 0 0 0 
0    0 0 0 0 0 0 0 0 0 0 
0    0 0 0 0 0 0 0 0 0 0 
0    0 0 0 0 0 0 0 0 0 0 
0    0 0 0 0 0 0 0 0 0 0 
0    0 0 0 0 0 0 0 0 0 0 
0    0 0 0 0 0 0 0 0 0 0 
0    0 0 0 0 0 0 0 0 0 0 
0    0 0 0 0 0 0 0 0 0 0 
0    0 0 0 0 0 0 0 0 0 0 
0    0 0 0 0 0 0 0 0 0 0 
0    0 0 0 0 0 0 0 0 0 0 
0    0 0 0 0 0 0 0 0 0 0 
0    0 0 0 0 0 0 0 0 0 0 
0    0 0 0 0 0 0 0 0 0 0 
0    0 0 0 0 0 0 0 0 0 0 
0    0 0 0 0 0 0 0 0 0 0 
0    0 0 0 0 0 0 0 0 0 0 
0    0 0 0 0 0 0 0 0 0 0 
0    0 0 0 0 0 0 0 0 0 0 
0    0 0 0 0 0 0 0 0 0 0 
0    0 0 0 0 0 0 0 0 0 0 
0    0 0 0 0 0 0 0 0 0 0 
0    0 0 0 0 0 0 0 0 0 0 
0    0 0 0 0 0 0 0 0 0 0 
0    0 0 0 0 0 0 0 0 0 0 
0    0 0 0 0 0 0 0 0 0 0 
0    0 0 0 0 0 0 0 0 0 0 
0    0 0 0 0 0 0 0 0 0 0 
0    0 0 0 0 0 0 0 0 0 0 
0    0 0 0 0 0 0 0 0 0 0 
0    0 0 0 0 0 0 0 0 0 0 
0    0 0 0 0 0 0 0 0 0 0 
0    0 0 0 0 0 0 0 0 0 0 
0    0 0 0 0 0 0 0 0 0 0 
0    0 0 0 0 0 0 0 0 0 0 
0    0 0 0 0 0 0 0 0 0 0 
0    0 0 0 0 0 0 0 0 0 0 
0    0 0 0 0 0 0 0 0 0 0 
0    0 0 0 0 0 0 0 0 0 0 
0    0 0 0 0 0 0 0 0 0 0 
0    0 0 0 0 0 0 0 0 0 0 
0    0 0 0 0 0 0 0 0 0 0 
0    0 0 0 0 0 0 0 0 0 0 
0    0 0 0 0 0 0 0 0 0 0 
0    0 0 0 0 0 0 0 0 0 0 
0    0 0 0 0 0 0 0 0 0 0 
0    0 0 0 0 0 0 0 0 0 0 
0    0 0 0 0 0 0 0 0 0 0 
0    0 0 0 0 0 0 0 0 0 0 
0    0 0 0 0 0 0 0 0 0 0 
0    0 0 0 0 0 0 0 0 0 0 
0    0 0 0 0 0 0 0 0 0 0 
0    0 0 0 0 0 0 0 0 0 0 
0    0 0 0 0 0 0 0 0 0 0 
0    0 0 0 0 0 0 0 0 0 0 
0    0 0 0 0 0 0 0 0 0 0 
0    0 0 0 0 0 0 0 0 0 0 
0    0 0 0 0 0 0 0 0 0 0 
0    0 0 0 0 0 0 0 0 0 0 
0    0 0 0 0 0 0 0 0 0 0 
0    0 0 0 0 0 0 0 0 0 0 
0    0 0 0 0 0 0 0 0 0 0 
0    0 0 0 0 0 0 0 0 0 0 
0    0 0 0 0 0 0 0 0 0 0 
0    0 0 0 0 0 0 0 0 0 0 
0    0 0 0 0 0 0 0 0 0 0 
0    0 0 0 0 0 0 0 0 0 0 
0    0 0 0 0 0 0 0 0 0 0 
0    0 0 0 0 0 0 0 0 0 0 
0    0 0 0 0 0 0 0 0 0 0 
0    0 0 0 0 0 0 0 0 0 0 
0    0 0 0 0 0 0 0 0 0 0 
0    0 0 0 0 0 0 0 0 0 0 
0    0 0 0 0 0 0 0 0 0 0 
0    0 0 0 0 0 0 0 0 0 0 
0    0 0 0 0 0 0 0 0 0 0 
0    0 0 0 0 0 0 0 0 0 0 
0    0 0 0 0 0 0 0 0 0 0 
0    0 0 0 0 0 0 0 0 0 0 
0    0 0 0 0 0 0 0 0 0 0 
0    0 0 0 0 0 0 0 0 0 0 
0    0 0 0 0 0 0 0 0 0 0 
0    0 0 0 0 0 0 0 0 0 0 
0    0 0 0 0 0 0 0 0 0 0 
0    0 0 0 0 0 0 0 0 0 0 
0    0 0 0 0 0 0 0 0 0 0 
0    0 0 0 0 0 0 0 0 0 0 
0    0 0 0 0 0 0 0 0 0 0 
0    0 0 0 0 0 0 0 0 0 0 
0    0 0 0 0 0 0 0 0 0 0 
0    0 0 0 0 0 0 0 0 0 0 
0    0 0 0 0 0 0 0 0 0 0 
0    0 0 0 0 0 0 0 0 0 0 
0    0 0 0 0 0 0 0 0 0 0 
0    0 0 0 0 0 0 0 0 0 0 
0    0 0 0 0 0 0 0 0 0 0 
0    0 0 0 0 0 0 0 0 0 0 
0    0 0 0 0 0 0 0 0 0 0 
0    0 0 0 0 0 0 0 0 0 0 
0    0 0 0 0 0 0 0 0 0 0 
