0.281    9546 2839 1779 0 0 0 0 0 0 0 
0.023814    7888 4497 1779 0 0 0 0 0 0 0 
0.003186    0 1658 2839 1779 0 0 0 0 0 0 
0.20727    7276 5109 1779 0 0 0 0 0 0 0 
0.00273    0 2270 2839 1779 0 0 0 0 0 0 
0.019111    6365 6020 1779 0 0 0 0 0 0 0 
0.000377    0 3181 2839 1779 0 0 0 0 0 0 
0.00833843    0 1523 4497 1779 0 0 0 0 0 0 
0.00111557    0 0 1658 2839 1779 0 0 0 0 0 
2.8623e-05    0 911 5109 1779 0 0 0 0 0 0 
3.77e-07    0 0 2270 2839 1779 0 0 0 0 0 
0.001881    5751 6634 1779 0 0 0 0 0 0 0 
0.000308    0 3795 2839 1779 0 0 0 0 0 0 
0.0061677    0 1534 6879 0 0 0 0 0 0 0 
0.0024054    0 0 5100 1779 0 0 0 0 0 0 
0.000237897    0 0 2261 2839 1779 0 0 0 0 0 
0.009    5620 3926 2839 1779 0 0 0 0 0 0 
0.19642    5219 4327 2839 1779 0 0 0 0 0 0 
0.123947    0 2057 5109 1779 0 0 0 0 0 0 
0.00163254    0 0 2270 2839 1779 0 0 0 0 0 
0.004158    4999 7386 1779 0 0 0 0 0 0 0 
0.002781    0 4547 2839 1779 0 0 0 0 0 0 
0.0001197    0 2286 6879 0 0 0 0 0 0 0 
4.6683e-05    0 0 5100 1779 0 0 0 0 0 0 
4.617e-06    0 0 2261 2839 1779 0 0 0 0 0 
0.000257607    0 2277 5109 1779 0 0 0 0 0 0 
3.393e-06    0 0 2270 2839 1779 0 0 0 0 0 
0.000441045    0 1784 7381 0 0 0 0 0 0 0 
0.00077031    0 0 5602 1779 0 0 0 0 0 0 
3.645e-06    0 0 2401 3201 1779 0 0 0 0 0 
0.0003807    0 1749 7416 0 0 0 0 0 0 0 
2.43e-05    0 0 5637 1779 0 0 0 0 0 0 
0.001287    4747 7638 1779 0 0 0 0 0 0 0 
0.001404    0 4799 2839 1779 0 0 0 0 0 0 
0.000103194    0 3141 4497 1779 0 0 0 0 0 0 
1.3806e-05    0 0 1658 2839 1779 0 0 0 0 0 
0.000719523    0 2529 5109 1779 0 0 0 0 0 0 
9.477e-06    0 0 2270 2839 1779 0 0 0 0 0 
1.6335e-05    0 2036 7381 0 0 0 0 0 0 0 
2.853e-05    0 0 5602 1779 0 0 0 0 0 0 
1.35e-07    0 0 2401 3201 1779 0 0 0 0 0 
0.00047376    0 2001 7416 0 0 0 0 0 0 0 
3.024e-05    0 0 5637 1779 0 0 0 0 0 0 
0.00255033    0 1618 6020 1779 0 0 0 0 0 0 
5.031e-05    0 0 3181 2839 1779 0 0 0 0 0 
0.00111275    0 0 1523 4497 1779 0 0 0 0 0 
0.000148871    0 0 0 1658 2839 1779 0 0 0 0 
3.81969e-06    0 0 911 5109 1779 0 0 0 0 0 
5.031e-08    0 0 0 2270 2839 1779 0 0 0 0 
0.000870696    0 1484 7933 0 0 0 0 0 0 0 
5.742e-05    0 0 6154 1779 0 0 0 0 0 0 
4.9068e-05    0 0 3315 2839 1779 0 0 0 0 0 
4.176e-05    0 0 2953 3201 1779 0 0 0 0 0 
2.20994e-05    0 0 1657 4497 1779 0 0 0 0 0 
2.95661e-06    0 0 0 1658 2839 1779 0 0 0 0 
0.001421    3788 8597 1779 0 0 0 0 0 0 0 
0.001603    0 5758 2839 1779 0 0 0 0 0 0 
0.00179046    0 4100 4497 1779 0 0 0 0 0 0 
0.00023954    0 0 1658 2839 1779 0 0 0 0 0 
0.000421449    0 3488 5109 1779 0 0 0 0 0 0 
5.551e-06    0 0 2270 2839 1779 0 0 0 0 0 
0.00133672    0 1787 6810 1779 0 0 0 0 0 0 
6.5317e-05    0 0 3971 2839 1779 0 0 0 0 0 
9.24433e-05    0 0 2313 4497 1779 0 0 0 0 0 
1.23677e-05    0 0 0 1658 2839 1779 0 0 0 0 
4.49776e-06    0 0 1701 5109 1779 0 0 0 0 0 
5.9241e-08    0 0 0 2270 2839 1779 0 0 0 0 
5.00511e-06    0 0 790 6020 1779 0 0 0 0 0 
9.8735e-08    0 0 0 3181 2839 1779 0 0 0 0 
2.18381e-06    0 0 0 1523 4497 1779 0 0 0 0 
2.92164e-07    0 0 0 0 1658 2839 1779 0 0 0 
7.49626e-09    0 0 0 911 5109 1779 0 0 0 0 
9.8735e-11    0 0 0 0 2270 2839 1779 0 0 0 
0.001946    3746 5800 2839 1779 0 0 0 0 0 0 
0.00903874    0 4142 4497 1779 0 0 0 0 0 0 
0.00120926    0 0 1658 2839 1779 0 0 0 0 0 
0.00114689    0 3530 5109 1779 0 0 0 0 0 0 
1.5106e-05    0 0 2270 2839 1779 0 0 0 0 0 
0.00041517    0 2619 6020 1779 0 0 0 0 0 0 
8.19e-06    0 0 3181 2839 1779 0 0 0 0 0 
0.000181145    0 0 1523 4497 1779 0 0 0 0 0 
2.42348e-05    0 0 0 1658 2839 1779 0 0 0 0 
6.2181e-07    0 0 911 5109 1779 0 0 0 0 0 
8.19e-09    0 0 0 2270 2839 1779 0 0 0 0 
0.00228    3496 8889 1779 0 0 0 0 0 0 0 
0.002736    0 6050 2839 1779 0 0 0 0 0 0 
0.0065021    0 4392 4497 1779 0 0 0 0 0 0 
0.000869896    0 0 1658 2839 1779 0 0 0 0 0 
0.000525084    0 3780 5109 1779 0 0 0 0 0 0 
6.916e-06    0 0 2270 2839 1779 0 0 0 0 0 
5.5176e-05    0 3287 7381 0 0 0 0 0 0 0 
9.6368e-05    0 0 5602 1779 0 0 0 0 0 0 
4.56e-07    0 0 2401 3201 1779 0 0 0 0 0 
0.00421496    0 3252 7416 0 0 0 0 0 0 0 
0.00026904    0 0 5637 1779 0 0 0 0 0 0 
0.00037563    0 2869 6020 1779 0 0 0 0 0 0 
7.41e-06    0 0 3181 2839 1779 0 0 0 0 0 
0.000163893    0 0 1523 4497 1779 0 0 0 0 0 
2.19268e-05    0 0 0 1658 2839 1779 0 0 0 0 
5.6259e-07    0 0 911 5109 1779 0 0 0 0 0 
7.41e-09    0 0 0 2270 2839 1779 0 0 0 0 
0.00174306    0 2735 7933 0 0 0 0 0 0 0 
0.00011495    0 0 6154 1779 0 0 0 0 0 0 
9.823e-05    0 0 3315 2839 1779 0 0 0 0 0 
8.36e-05    0 0 2953 3201 1779 0 0 0 0 0 
4.42411e-05    0 0 1657 4497 1779 0 0 0 0 0 
5.91888e-06    0 0 0 1658 2839 1779 0 0 0 0 
2.394e-05    0 2409 8259 0 0 0 0 0 0 0 
0.0001862    0 0 6480 1779 0 0 0 0 0 0 
1.064e-05    0 0 3641 2839 1779 0 0 0 0 0 
4.522e-05    0 0 3279 3201 1779 0 0 0 0 0 
0.000114    0 2124 3926 2839 1779 0 0 0 0 0 
0.00173888    0 2079 6810 1779 0 0 0 0 0 0 
8.4968e-05    0 0 3971 2839 1779 0 0 0 0 0 
0.000120255    0 0 2313 4497 1779 0 0 0 0 0 
1.60886e-05    0 0 0 1658 2839 1779 0 0 0 0 
5.85094e-06    0 0 1701 5109 1779 0 0 0 0 0 
7.7064e-08    0 0 0 2270 2839 1779 0 0 0 0 
6.51092e-06    0 0 790 6020 1779 0 0 0 0 0 
1.2844e-07    0 0 0 3181 2839 1779 0 0 0 0 
2.84082e-06    0 0 0 1523 4497 1779 0 0 0 0 
3.80064e-07    0 0 0 0 1658 2839 1779 0 0 0 
9.75156e-09    0 0 0 911 5109 1779 0 0 0 0 
1.2844e-10    0 0 0 0 2270 2839 1779 0 0 0 
0.00016226    0 1723 4327 2839 1779 0 0 0 0 0 
0.000102391    0 0 2057 5109 1779 0 0 0 0 0 
1.34862e-06    0 0 0 2270 2839 1779 0 0 0 0 
0.0106208    0 1352 7537 1779 0 0 0 0 0 0 
0.0034685    0 0 3040 4497 1779 0 0 0 0 0 
0.00046404    0 0 0 1658 2839 1779 0 0 0 0 
0.00016688    0 0 1517 6020 1779 0 0 0 0 0 
3.29202e-06    0 0 0 3181 2839 1779 0 0 0 0 
7.28123e-05    0 0 0 1523 4497 1779 0 0 0 0 
9.74133e-06    0 0 0 0 1658 2839 1779 0 0 0 
2.4994e-07    0 0 0 911 5109 1779 0 0 0 0 
3.29202e-09    0 0 0 0 2270 2839 1779 0 0 0 
7.86509e-05    0 0 727 6810 1779 0 0 0 0 0 
3.84317e-06    0 0 0 3971 2839 1779 0 0 0 0 
5.43924e-06    0 0 0 2313 4497 1779 0 0 0 0 
7.27699e-07    0 0 0 0 1658 2839 1779 0 0 0 
2.64642e-07    0 0 0 1701 5109 1779 0 0 0 0 
3.48566e-09    0 0 0 0 2270 2839 1779 0 0 0 
2.94494e-07    0 0 0 790 6020 1779 0 0 0 0 
5.80944e-09    0 0 0 0 3181 2839 1779 0 0 0 
1.28492e-07    0 0 0 0 1523 4497 1779 0 0 0 
1.71906e-08    0 0 0 0 0 0 1658 2839 1779 0 
4.41071e-10    0 0 0 0 911 5109 1779 0 0 0 
5.80944e-12    0 0 0 0 0 0 2270 2839 1779 0 
3.762e-06    0 1286 9382 0 0 0 0 0 0 0 
0.000101802    0 0 7603 1779 0 0 0 0 0 0 
4.02192e-06    0 0 3106 4497 1779 0 0 0 0 0 
5.3808e-07    0 0 0 1658 2839 1779 0 0 0 0 
1.0716e-07    0 0 1966 7416 0 0 0 0 0 0 
6.84e-09    0 0 0 5637 1779 0 0 0 0 0 
2.66213e-06    0 0 1449 7933 0 0 0 0 0 0 
1.7556e-07    0 0 0 6154 1779 0 0 0 0 0 
1.50024e-07    0 0 0 3315 2839 1779 0 0 0 0 
1.2768e-07    0 0 0 2953 3201 1779 0 0 0 0 
6.75683e-08    0 0 0 1657 4497 1779 0 0 0 0 
9.03974e-09    0 0 0 0 1658 2839 1779 0 0 0 
5.13e-08    0 0 1123 8259 0 0 0 0 0 0 
3.99e-07    0 0 0 6480 1779 0 0 0 0 0 
2.28e-08    0 0 0 3641 2839 1779 0 0 0 0 
9.69e-08    0 0 0 3279 3201 1779 0 0 0 0 
1.6302e-05    0 1251 7638 1779 0 0 0 0 0 0 
1.7784e-05    0 0 4799 2839 1779 0 0 0 0 0 
1.30712e-06    0 0 3141 4497 1779 0 0 0 0 0 
1.74876e-07    0 0 0 1658 2839 1779 0 0 0 0 
9.11396e-06    0 0 2529 5109 1779 0 0 0 0 0 
1.20042e-07    0 0 0 2270 2839 1779 0 0 0 0 
2.0691e-07    0 0 2036 7381 0 0 0 0 0 0 
3.6138e-07    0 0 0 5602 1779 0 0 0 0 0 
1.71e-09    0 0 0 2401 3201 1779 0 0 0 0 
6.00096e-06    0 0 2001 7416 0 0 0 0 0 0 
3.8304e-07    0 0 0 5637 1779 0 0 0 0 0 
3.23042e-05    0 0 1618 6020 1779 0 0 0 0 0 
6.3726e-07    0 0 0 3181 2839 1779 0 0 0 0 
1.40948e-05    0 0 0 1523 4497 1779 0 0 0 0 
1.8857e-06    0 0 0 0 1658 2839 1779 0 0 0 
4.83827e-08    0 0 0 911 5109 1779 0 0 0 0 
6.3726e-10    0 0 0 0 2270 2839 1779 0 0 0 
1.10288e-05    0 0 1484 7933 0 0 0 0 0 0 
7.2732e-07    0 0 0 6154 1779 0 0 0 0 0 
6.21528e-07    0 0 0 3315 2839 1779 0 0 0 0 
5.2896e-07    0 0 0 2953 3201 1779 0 0 0 0 
2.79926e-07    0 0 0 1657 4497 1779 0 0 0 0 
3.74504e-08    0 0 0 0 1658 2839 1779 0 0 0 
0.006    3064 6482 2839 1779 0 0 0 0 0 0 
0.002334    2969 9416 1779 0 0 0 0 0 0 0 
0.001728    0 6577 2839 1779 0 0 0 0 0 0 
0.000534492    0 4919 4497 1779 0 0 0 0 0 0 
7.1508e-05    0 0 1658 2839 1779 0 0 0 0 0 
0.000193842    0 3814 7381 0 0 0 0 0 0 0 
0.000338556    0 0 5602 1779 0 0 0 0 0 0 
1.602e-06    0 0 2401 3201 1779 0 0 0 0 0 
0.000350796    0 1879 7537 1779 0 0 0 0 0 0 
0.000114561    0 0 3040 4497 1779 0 0 0 0 0 
1.53268e-05    0 0 0 1658 2839 1779 0 0 0 0 
5.51188e-06    0 0 1517 6020 1779 0 0 0 0 0 
1.08732e-07    0 0 0 3181 2839 1779 0 0 0 0 
2.40492e-06    0 0 0 1523 4497 1779 0 0 0 0 
3.21746e-07    0 0 0 0 1658 2839 1779 0 0 0 
8.25527e-09    0 0 0 911 5109 1779 0 0 0 0 
1.08732e-10    0 0 0 0 2270 2839 1779 0 0 0 
2.59776e-06    0 0 727 6810 1779 0 0 0 0 0 
1.26936e-07    0 0 0 3971 2839 1779 0 0 0 0 
1.79653e-07    0 0 0 2313 4497 1779 0 0 0 0 
2.40352e-08    0 0 0 0 1658 2839 1779 0 0 0 
8.74087e-09    0 0 0 1701 5109 1779 0 0 0 0 
1.15128e-10    0 0 0 0 2270 2839 1779 0 0 0 
9.72684e-09    0 0 0 790 6020 1779 0 0 0 0 
1.9188e-10    0 0 0 0 3181 2839 1779 0 0 0 
4.24397e-09    0 0 0 0 1523 4497 1779 0 0 0 
5.67788e-10    0 0 0 0 0 0 1658 2839 1779 0 
1.45681e-11    0 0 0 0 911 5109 1779 0 0 0 
1.9188e-13    0 0 0 0 0 0 2270 2839 1779 0 
0.00016524    0 1399 9796 0 0 0 0 0 0 0 
0.000128826    0 0 8017 1779 0 0 0 0 0 0 
1.1934e-05    0 0 4816 3201 1779 0 0 0 0 0 
0.0007    2587 3033 3926 2839 1779 0 0 0 0 0 
0.00093    0 1875 7923 1779 0 0 0 0 0 0 
0.001395    0 0 5084 2839 1779 0 0 0 0 0 
0.0014973    0 0 2823 6879 0 0 0 0 0 0 
0.000583947    0 0 0 5100 1779 0 0 0 0 0 
5.7753e-05    0 0 0 2261 2839 1779 0 0 0 0 
0.000642537    0 0 2814 5109 1779 0 0 0 0 0 
8.463e-06    0 0 0 2270 2839 1779 0 0 0 0 
0.000715635    0 0 1289 6634 1779 0 0 0 0 0 
0.00011718    0 0 0 3795 2839 1779 0 0 0 0 
0.00234653    0 0 0 1534 6879 0 0 0 0 0 
0.000915147    0 0 0 0 5100 1779 0 0 0 0 
9.0509e-05    0 0 0 0 2261 2839 1779 0 0 0 
0.011316    2230 7316 2839 1779 0 0 0 0 0 0 
0.000675108    0 5046 5109 1779 0 0 0 0 0 0 
8.892e-06    0 0 2270 2839 1779 0 0 0 0 0
0    0 0 0 0 0 0 0 0 0 0 
0    0 0 0 0 0 0 0 0 0 0 
