0.723    12420 1779 0 0 0 0 0 0 0 0 
0.023    9581 2839 1779 0 0 0 0 0 0 0 
0.128772    7923 4497 1779 0 0 0 0 0 0 0 
0.017228    0 1658 2839 1779 0 0 0 0 0 0 
0.003267    6818 7381 0 0 0 0 0 0 0 0 
0.005706    0 5602 1779 0 0 0 0 0 0 0 
2.7e-05    0 2401 3201 1779 0 0 0 0 0 0 
0.02162    6783 7416 0 0 0 0 0 0 0 0 
0.00138    0 5637 1779 0 0 0 0 0 0 0 
0.00834    6266 7933 0 0 0 0 0 0 0 0 
0.00055    0 6154 1779 0 0 0 0 0 0 0 
0.00047    0 3315 2839 1779 0 0 0 0 0 0 
0.0004    0 2953 3201 1779 0 0 0 0 0 0 
0.00021168    0 1657 4497 1779 0 0 0 0 0 0 
2.832e-05    0 0 1658 2839 1779 0 0 0 0 0 
0.00081    5940 8259 0 0 0 0 0 0 0 0 
0.0063    0 6480 1779 0 0 0 0 0 0 0 
0.00036    0 3641 2839 1779 0 0 0 0 0 0 
0.00153    0 3279 3201 1779 0 0 0 0 0 0 
0.001026    5786 6634 1779 0 0 0 0 0 0 0 
0.000168    0 3795 2839 1779 0 0 0 0 0 0 
0.0033642    0 1534 6879 0 0 0 0 0 0 0 
0.00131204    0 0 5100 1779 0 0 0 0 0 0 
0.000129762    0 0 2261 2839 1779 0 0 0 0 0 
0.01672    5610 6810 1779 0 0 0 0 0 0 0 
0.000817    0 3971 2839 1779 0 0 0 0 0 0 
0.0011563    0 2313 4497 1779 0 0 0 0 0 0 
0.000154698    0 0 1658 2839 1779 0 0 0 0 0 
5.6259e-05    0 1701 5109 1779 0 0 0 0 0 0 
7.41e-07    0 0 2270 2839 1779 0 0 0 0 0 
6.2605e-05    0 790 6020 1779 0 0 0 0 0 0 
1.235e-06    0 0 3181 2839 1779 0 0 0 0 0 
2.73155e-05    0 0 1523 4497 1779 0 0 0 0 0 
3.65446e-06    0 0 0 1658 2839 1779 0 0 0 0 
9.3765e-08    0 0 911 5109 1779 0 0 0 0 0 
1.235e-09    0 0 0 2270 2839 1779 0 0 0 0 
0.005082    5034 7386 1779 0 0 0 0 0 0 0 
0.003399    0 4547 2839 1779 0 0 0 0 0 0 
0.0001463    0 2286 6879 0 0 0 0 0 0 0 
5.7057e-05    0 0 5100 1779 0 0 0 0 0 0 
5.643e-06    0 0 2261 2839 1779 0 0 0 0 0 
0.000314853    0 2277 5109 1779 0 0 0 0 0 0 
4.147e-06    0 0 2270 2839 1779 0 0 0 0 0 
0.000539055    0 1784 7381 0 0 0 0 0 0 0 
0.00094149    0 0 5602 1779 0 0 0 0 0 0 
4.455e-06    0 0 2401 3201 1779 0 0 0 0 0 
0.0004653    0 1749 7416 0 0 0 0 0 0 0 
2.97e-05    0 0 5637 1779 0 0 0 0 0 0 
0.004254    4017 5564 2839 1779 0 0 0 0 0 0 
0.000375732    0 3906 4497 1779 0 0 0 0 0 0 
5.0268e-05    0 0 1658 2839 1779 0 0 0 0 0 
0.00060984    0 1017 7386 1779 0 0 0 0 0 0 
0.00040788    0 0 4547 2839 1779 0 0 0 0 0 
1.7556e-05    0 0 2286 6879 0 0 0 0 0 0 
6.84684e-06    0 0 0 5100 1779 0 0 0 0 0 
6.7716e-07    0 0 0 2261 2839 1779 0 0 0 0 
3.77824e-05    0 0 2277 5109 1779 0 0 0 0 0 
4.9764e-07    0 0 0 2270 2839 1779 0 0 0 0 
6.46866e-05    0 0 1784 7381 0 0 0 0 0 0 
0.000112979    0 0 0 5602 1779 0 0 0 0 0 
5.346e-07    0 0 0 2401 3201 1779 0 0 0 0 
5.5836e-05    0 0 1749 7416 0 0 0 0 0 0 
3.564e-06    0 0 0 5637 1779 0 0 0 0 0 
0.001316    3658 8762 1779 0 0 0 0 0 0 0 
0.0004788    0 3662 6879 0 0 0 0 0 0 0 
0.000186732    0 0 5100 1779 0 0 0 0 0 0 
1.8468e-05    0 0 2261 2839 1779 0 0 0 0 0 
0.0003    3531 8889 1779 0 0 0 0 0 0 0 
0.00036    0 6050 2839 1779 0 0 0 0 0 0 
0.00085554    0 4392 4497 1779 0 0 0 0 0 0 
0.00011446    0 0 1658 2839 1779 0 0 0 0 0 
6.909e-05    0 3780 5109 1779 0 0 0 0 0 0 
9.1e-07    0 0 2270 2839 1779 0 0 0 0 0 
7.26e-06    0 3287 7381 0 0 0 0 0 0 0 
1.268e-05    0 0 5602 1779 0 0 0 0 0 0 
6e-08    0 0 2401 3201 1779 0 0 0 0 0 
0.0005546    0 3252 7416 0 0 0 0 0 0 0 
3.54e-05    0 0 5637 1779 0 0 0 0 0 0 
4.9425e-05    0 2869 6020 1779 0 0 0 0 0 0 
9.75e-07    0 0 3181 2839 1779 0 0 0 0 0 
2.15649e-05    0 0 1523 4497 1779 0 0 0 0 0 
2.8851e-06    0 0 0 1658 2839 1779 0 0 0 0 
7.4025e-08    0 0 911 5109 1779 0 0 0 0 0 
9.75e-10    0 0 0 2270 2839 1779 0 0 0 0 
0.00022935    0 2735 7933 0 0 0 0 0 0 0 
1.5125e-05    0 0 6154 1779 0 0 0 0 0 0 
1.2925e-05    0 0 3315 2839 1779 0 0 0 0 0 
1.1e-05    0 0 2953 3201 1779 0 0 0 0 0 
5.8212e-06    0 0 1657 4497 1779 0 0 0 0 0 
7.788e-07    0 0 0 1658 2839 1779 0 0 0 0 
3.15e-06    0 2409 8259 0 0 0 0 0 0 0 
2.45e-05    0 0 6480 1779 0 0 0 0 0 0 
1.4e-06    0 0 3641 2839 1779 0 0 0 0 0 
5.95e-06    0 0 3279 3201 1779 0 0 0 0 0 
1.5e-05    0 2124 3926 2839 1779 0 0 0 0 0 
0.0002288    0 2079 6810 1779 0 0 0 0 0 0 
1.118e-05    0 0 3971 2839 1779 0 0 0 0 0 
1.58231e-05    0 0 2313 4497 1779 0 0 0 0 0 
2.11692e-06    0 0 0 1658 2839 1779 0 0 0 0 
7.6986e-07    0 0 1701 5109 1779 0 0 0 0 0 
1.014e-08    0 0 0 2270 2839 1779 0 0 0 0 
8.567e-07    0 0 790 6020 1779 0 0 0 0 0 
1.69e-08    0 0 0 3181 2839 1779 0 0 0 0 
3.73792e-07    0 0 0 1523 4497 1779 0 0 0 0 
5.00084e-08    0 0 0 0 1658 2839 1779 0 0 0 
1.2831e-09    0 0 0 911 5109 1779 0 0 0 0 
1.69e-11    0 0 0 0 2270 2839 1779 0 0 0 
2.135e-05    0 1723 4327 2839 1779 0 0 0 0 0 
1.34726e-05    0 0 2057 5109 1779 0 0 0 0 0 
1.7745e-07    0 0 0 2270 2839 1779 0 0 0 0 
0.00139748    0 1352 7537 1779 0 0 0 0 0 0 
0.000456382    0 0 3040 4497 1779 0 0 0 0 0 
6.10579e-05    0 0 0 1658 2839 1779 0 0 0 0 
2.19579e-05    0 0 1517 6020 1779 0 0 0 0 0 
4.3316e-07    0 0 0 3181 2839 1779 0 0 0 0 
9.58057e-06    0 0 0 1523 4497 1779 0 0 0 0 
1.28175e-06    0 0 0 0 1658 2839 1779 0 0 0 
3.28868e-08    0 0 0 911 5109 1779 0 0 0 0 
4.3316e-10    0 0 0 0 2270 2839 1779 0 0 0 
1.03488e-05    0 0 727 6810 1779 0 0 0 0 0 
5.0568e-07    0 0 0 3971 2839 1779 0 0 0 0 
7.1569e-07    0 0 0 2313 4497 1779 0 0 0 0 
9.57499e-08    0 0 0 0 1658 2839 1779 0 0 0 
3.48214e-08    0 0 0 1701 5109 1779 0 0 0 0 
4.5864e-10    0 0 0 0 2270 2839 1779 0 0 0 
3.87492e-08    0 0 0 790 6020 1779 0 0 0 0 
7.644e-10    0 0 0 0 3181 2839 1779 0 0 0 
1.69069e-08    0 0 0 0 1523 4497 1779 0 0 0 
2.26192e-09    0 0 0 0 0 0 1658 2839 1779 0 
5.80356e-11    0 0 0 0 911 5109 1779 0 0 0 
7.644e-13    0 0 0 0 0 0 2270 2839 1779 0 
4.95e-07    0 1286 9382 0 0 0 0 0 0 0 
1.3395e-05    0 0 7603 1779 0 0 0 0 0 0 
5.292e-07    0 0 3106 4497 1779 0 0 0 0 0 
7.08e-08    0 0 0 1658 2839 1779 0 0 0 0 
1.41e-08    0 0 1966 7416 0 0 0 0 0 0 
9e-10    0 0 0 5637 1779 0 0 0 0 0 
3.5028e-07    0 0 1449 7933 0 0 0 0 0 0 
2.31e-08    0 0 0 6154 1779 0 0 0 0 0 
1.974e-08    0 0 0 3315 2839 1779 0 0 0 0 
1.68e-08    0 0 0 2953 3201 1779 0 0 0 0 
8.89056e-09    0 0 0 1657 4497 1779 0 0 0 0 
1.18944e-09    0 0 0 0 1658 2839 1779 0 0 0 
6.75e-09    0 0 1123 8259 0 0 0 0 0 0 
5.25e-08    0 0 0 6480 1779 0 0 0 0 0 
3e-09    0 0 0 3641 2839 1779 0 0 0 0 
1.275e-08    0 0 0 3279 3201 1779 0 0 0 0 
2.145e-06    0 1251 7638 1779 0 0 0 0 0 0 
2.34e-06    0 0 4799 2839 1779 0 0 0 0 0 
1.7199e-07    0 0 3141 4497 1779 0 0 0 0 0 
2.301e-08    0 0 0 1658 2839 1779 0 0 0 0 
1.19921e-06    0 0 2529 5109 1779 0 0 0 0 0 
1.5795e-08    0 0 0 2270 2839 1779 0 0 0 0 
2.7225e-08    0 0 2036 7381 0 0 0 0 0 0 
4.755e-08    0 0 0 5602 1779 0 0 0 0 0 
2.25e-10    0 0 0 2401 3201 1779 0 0 0 0 
7.896e-07    0 0 2001 7416 0 0 0 0 0 0 
5.04e-08    0 0 0 5637 1779 0 0 0 0 0 
4.25055e-06    0 0 1618 6020 1779 0 0 0 0 0 
8.385e-08    0 0 0 3181 2839 1779 0 0 0 0 
1.85458e-06    0 0 0 1523 4497 1779 0 0 0 0 
2.48119e-07    0 0 0 0 1658 2839 1779 0 0 0 
6.36615e-09    0 0 0 911 5109 1779 0 0 0 0 
8.385e-11    0 0 0 0 2270 2839 1779 0 0 0 
1.45116e-06    0 0 1484 7933 0 0 0 0 0 0 
9.57e-08    0 0 0 6154 1779 0 0 0 0 0 
8.178e-08    0 0 0 3315 2839 1779 0 0 0 0 
6.96e-08    0 0 0 2953 3201 1779 0 0 0 0 
3.68323e-08    0 0 0 1657 4497 1779 0 0 0 0 
4.92768e-09    0 0 0 0 1658 2839 1779 0 0 0 
0.001527    3255 9165 1779 0 0 0 0 0 0 0 
0.000116523    0 3563 7381 0 0 0 0 0 0 0 
0.000203514    0 0 5602 1779 0 0 0 0 0 0 
9.63e-07    0 0 2401 3201 1779 0 0 0 0 0 
0.00060348    0 3528 7416 0 0 0 0 0 0 0 
3.852e-05    0 0 5637 1779 0 0 0 0 0 0 
3.564e-05    0 2685 8259 0 0 0 0 0 0 0 
0.0002772    0 0 6480 1779 0 0 0 0 0 0 
1.584e-05    0 0 3641 2839 1779 0 0 0 0 0 
6.732e-05    0 0 3279 3201 1779 0 0 0 0 0 
9.4017e-05    0 1448 9496 0 0 0 0 0 0 0 
1.6983e-05    0 0 7717 1779 0 0 0 0 0 0 
0.001945    3004 9416 1779 0 0 0 0 0 0 0 
0.00144    0 6577 2839 1779 0 0 0 0 0 0 
0.00044541    0 4919 4497 1779 0 0 0 0 0 0 
5.959e-05    0 0 1658 2839 1779 0 0 0 0 0 
0.000161535    0 3814 7381 0 0 0 0 0 0 0 
0.00028213    0 0 5602 1779 0 0 0 0 0 0 
1.335e-06    0 0 2401 3201 1779 0 0 0 0 0 
0.00029233    0 1879 7537 1779 0 0 0 0 0 0 
9.54677e-05    0 0 3040 4497 1779 0 0 0 0 0 
1.27723e-05    0 0 0 1658 2839 1779 0 0 0 0 
4.59323e-06    0 0 1517 6020 1779 0 0 0 0 0 
9.061e-08    0 0 0 3181 2839 1779 0 0 0 0 
2.0041e-06    0 0 0 1523 4497 1779 0 0 0 0 
2.68122e-07    0 0 0 0 1658 2839 1779 0 0 0 
6.87939e-09    0 0 0 911 5109 1779 0 0 0 0 
9.061e-11    0 0 0 0 2270 2839 1779 0 0 0 
2.1648e-06    0 0 727 6810 1779 0 0 0 0 0 
1.0578e-07    0 0 0 3971 2839 1779 0 0 0 0 
1.49711e-07    0 0 0 2313 4497 1779 0 0 0 0 
2.00293e-08    0 0 0 0 1658 2839 1779 0 0 0 
7.28406e-09    0 0 0 1701 5109 1779 0 0 0 0 
9.594e-11    0 0 0 0 2270 2839 1779 0 0 0 
8.1057e-09    0 0 0 790 6020 1779 0 0 0 0 
1.599e-10    0 0 0 0 3181 2839 1779 0 0 0 
3.53664e-09    0 0 0 0 1523 4497 1779 0 0 0 
4.73156e-10    0 0 0 0 0 0 1658 2839 1779 0 
1.21401e-11    0 0 0 0 911 5109 1779 0 0 0 
1.599e-13    0 0 0 0 0 0 2270 2839 1779 0 
0.0001377    0 1399 9796 0 0 0 0 0 0 0 
0.000107355    0 0 8017 1779 0 0 0 0 0 0 
9.945e-06    0 0 4816 3201 1779 0 0 0 0 0 
0    0 0 0 0 0 0 0 0 0 0 
0    0 0 0 0 0 0 0 0 0 0 
0    0 0 0 0 0 0 0 0 0 0 
0    0 0 0 0 0 0 0 0 0 0 
0    0 0 0 0 0 0 0 0 0 0 
0    0 0 0 0 0 0 0 0 0 0 
0    0 0 0 0 0 0 0 0 0 0 
0    0 0 0 0 0 0 0 0 0 0 
0    0 0 0 0 0 0 0 0 0 0 
0    0 0 0 0 0 0 0 0 0 0 
0    0 0 0 0 0 0 0 0 0 0 
0    0 0 0 0 0 0 0 0 0 0 
0    0 0 0 0 0 0 0 0 0 0 
0    0 0 0 0 0 0 0 0 0 0 
0    0 0 0 0 0 0 0 0 0 0 
0    0 0 0 0 0 0 0 0 0 0 
0    0 0 0 0 0 0 0 0 0 0 
0    0 0 0 0 0 0 0 0 0 0 
0    0 0 0 0 0 0 0 0 0 0 
0    0 0 0 0 0 0 0 0 0 0 
0    0 0 0 0 0 0 0 0 0 0 
0    0 0 0 0 0 0 0 0 0 0 
0    0 0 0 0 0 0 0 0 0 0 
0    0 0 0 0 0 0 0 0 0 0 
0    0 0 0 0 0 0 0 0 0 0 
0    0 0 0 0 0 0 0 0 0 0 
0    0 0 0 0 0 0 0 0 0 0 
0    0 0 0 0 0 0 0 0 0 0 
0    0 0 0 0 0 0 0 0 0 0 
0    0 0 0 0 0 0 0 0 0 0 
0    0 0 0 0 0 0 0 0 0 0 
0    0 0 0 0 0 0 0 0 0 0 
0    0 0 0 0 0 0 0 0 0 0 
0    0 0 0 0 0 0 0 0 0 0 
0    0 0 0 0 0 0 0 0 0 0 
0    0 0 0 0 0 0 0 0 0 0 
0    0 0 0 0 0 0 0 0 0 0 
0    0 0 0 0 0 0 0 0 0 0 
0    0 0 0 0 0 0 0 0 0 0 
0    0 0 0 0 0 0 0 0 0 0 
0    0 0 0 0 0 0 0 0 0 0 
0    0 0 0 0 0 0 0 0 0 0 
0    0 0 0 0 0 0 0 0 0 0 
0    0 0 0 0 0 0 0 0 0 0 
0    0 0 0 0 0 0 0 0 0 0 
0    0 0 0 0 0 0 0 0 0 0 
0    0 0 0 0 0 0 0 0 0 0 
0    0 0 0 0 0 0 0 0 0 0 
0    0 0 0 0 0 0 0 0 0 0 
0    0 0 0 0 0 0 0 0 0 0 
0    0 0 0 0 0 0 0 0 0 0 
0    0 0 0 0 0 0 0 0 0 0 
0    0 0 0 0 0 0 0 0 0 0 
0    0 0 0 0 0 0 0 0 0 0 
0    0 0 0 0 0 0 0 0 0 0 
0    0 0 0 0 0 0 0 0 0 0 
0    0 0 0 0 0 0 0 0 0 0 
0    0 0 0 0 0 0 0 0 0 0 
0    0 0 0 0 0 0 0 0 0 0 
0    0 0 0 0 0 0 0 0 0 0 
0    0 0 0 0 0 0 0 0 0 0 
0    0 0 0 0 0 0 0 0 0 0 
0    0 0 0 0 0 0 0 0 0 0 
0    0 0 0 0 0 0 0 0 0 0 
0    0 0 0 0 0 0 0 0 0 0 
0    0 0 0 0 0 0 0 0 0 0 
0    0 0 0 0 0 0 0 0 0 0 
0    0 0 0 0 0 0 0 0 0 0 
0    0 0 0 0 0 0 0 0 0 0 
0    0 0 0 0 0 0 0 0 0 0 
0    0 0 0 0 0 0 0 0 0 0 
0    0 0 0 0 0 0 0 0 0 0 
0    0 0 0 0 0 0 0 0 0 0 
0    0 0 0 0 0 0 0 0 0 0 
0    0 0 0 0 0 0 0 0 0 0 
0    0 0 0 0 0 0 0 0 0 0 
0    0 0 0 0 0 0 0 0 0 0 
0    0 0 0 0 0 0 0 0 0 0 
0    0 0 0 0 0 0 0 0 0 0 
0    0 0 0 0 0 0 0 0 0 0 
0    0 0 0 0 0 0 0 0 0 0 
0    0 0 0 0 0 0 0 0 0 0 
0    0 0 0 0 0 0 0 0 0 0 
0    0 0 0 0 0 0 0 0 0 0 
0    0 0 0 0 0 0 0 0 0 0 
0    0 0 0 0 0 0 0 0 0 0 
0    0 0 0 0 0 0 0 0 0 0 
