0.266364    8275 4497 1779 0 0 0 0 0 0 0 
0.035636    0 1658 2839 1779 0 0 0 0 0 0 
0.1274    7672 6879 0 0 0 0 0 0 0 0 
0.049686    0 5100 1779 0 0 0 0 0 0 0 
0.004914    0 2261 2839 1779 0 0 0 0 0 0 
0.070077    7663 5109 1779 0 0 0 0 0 0 0 
0.000923    0 2270 2839 1779 0 0 0 0 0 0 
0.158819    6752 6020 1779 0 0 0 0 0 0 0 
0.003133    0 3181 2839 1779 0 0 0 0 0 0 
0.0692952    0 1523 4497 1779 0 0 0 0 0 0 
0.00927079    0 0 1658 2839 1779 0 0 0 0 0 
0.000237867    0 911 5109 1779 0 0 0 0 0 0 
3.133e-06    0 0 2270 2839 1779 0 0 0 0 0 
0.0366    5606 4327 2839 1779 0 0 0 0 0 0 
0.0230958    0 2057 5109 1779 0 0 0 0 0 0 
0.0003042    0 0 2270 2839 1779 0 0 0 0 0 
0.01859    5134 7638 1779 0 0 0 0 0 0 0 
0.02028    0 4799 2839 1779 0 0 0 0 0 0 
0.00149058    0 3141 4497 1779 0 0 0 0 0 0 
0.00019942    0 0 1658 2839 1779 0 0 0 0 0 
0.0103931    0 2529 5109 1779 0 0 0 0 0 0 
0.00013689    0 0 2270 2839 1779 0 0 0 0 0 
0.00023595    0 2036 7381 0 0 0 0 0 0 0 
0.0004121    0 0 5602 1779 0 0 0 0 0 0 
1.95e-06    0 0 2401 3201 1779 0 0 0 0 0 
0.0068432    0 2001 7416 0 0 0 0 0 0 0 
0.0004368    0 0 5637 1779 0 0 0 0 0 0 
0.0368381    0 1618 6020 1779 0 0 0 0 0 0 
0.0007267    0 0 3181 2839 1779 0 0 0 0 0 
0.016073    0 0 1523 4497 1779 0 0 0 0 0 
0.00215036    0 0 0 1658 2839 1779 0 0 0 0 
5.51733e-05    0 0 911 5109 1779 0 0 0 0 0 
7.267e-07    0 0 0 2270 2839 1779 0 0 0 0 
0.0125767    0 1484 7933 0 0 0 0 0 0 0 
0.0008294    0 0 6154 1779 0 0 0 0 0 0 
0.00070876    0 0 3315 2839 1779 0 0 0 0 0 
0.0006032    0 0 2953 3201 1779 0 0 0 0 0 
0.000319213    0 0 1657 4497 1779 0 0 0 0 0 
4.27066e-05    0 0 0 1658 2839 1779 0 0 0 0 
0.014    2772 7161 2839 1779 0 0 0 0 0 0 
0    0 0 0 0 0 0 0 0 0 0 
0    0 0 0 0 0 0 0 0 0 0 
0    0 0 0 0 0 0 0 0 0 0 
0    0 0 0 0 0 0 0 0 0 0 
0    0 0 0 0 0 0 0 0 0 0 
0    0 0 0 0 0 0 0 0 0 0 
0    0 0 0 0 0 0 0 0 0 0 
0    0 0 0 0 0 0 0 0 0 0 
0    0 0 0 0 0 0 0 0 0 0 
0    0 0 0 0 0 0 0 0 0 0 
0    0 0 0 0 0 0 0 0 0 0 
0    0 0 0 0 0 0 0 0 0 0 
0    0 0 0 0 0 0 0 0 0 0 
0    0 0 0 0 0 0 0 0 0 0 
0    0 0 0 0 0 0 0 0 0 0 
0    0 0 0 0 0 0 0 0 0 0 
0    0 0 0 0 0 0 0 0 0 0 
0    0 0 0 0 0 0 0 0 0 0 
0    0 0 0 0 0 0 0 0 0 0 
0    0 0 0 0 0 0 0 0 0 0 
0    0 0 0 0 0 0 0 0 0 0 
0    0 0 0 0 0 0 0 0 0 0 
0    0 0 0 0 0 0 0 0 0 0 
0    0 0 0 0 0 0 0 0 0 0 
0    0 0 0 0 0 0 0 0 0 0 
0    0 0 0 0 0 0 0 0 0 0 
0    0 0 0 0 0 0 0 0 0 0 
0    0 0 0 0 0 0 0 0 0 0 
0    0 0 0 0 0 0 0 0 0 0 
0    0 0 0 0 0 0 0 0 0 0 
0    0 0 0 0 0 0 0 0 0 0 
0    0 0 0 0 0 0 0 0 0 0 
0    0 0 0 0 0 0 0 0 0 0 
0    0 0 0 0 0 0 0 0 0 0 
0    0 0 0 0 0 0 0 0 0 0 
0    0 0 0 0 0 0 0 0 0 0 
0    0 0 0 0 0 0 0 0 0 0 
0    0 0 0 0 0 0 0 0 0 0 
0    0 0 0 0 0 0 0 0 0 0 
0    0 0 0 0 0 0 0 0 0 0 
0    0 0 0 0 0 0 0 0 0 0 
0    0 0 0 0 0 0 0 0 0 0 
0    0 0 0 0 0 0 0 0 0 0 
0    0 0 0 0 0 0 0 0 0 0 
0    0 0 0 0 0 0 0 0 0 0 
0    0 0 0 0 0 0 0 0 0 0 
0    0 0 0 0 0 0 0 0 0 0 
0    0 0 0 0 0 0 0 0 0 0 
0    0 0 0 0 0 0 0 0 0 0 
0    0 0 0 0 0 0 0 0 0 0 
0    0 0 0 0 0 0 0 0 0 0 
0    0 0 0 0 0 0 0 0 0 0 
0    0 0 0 0 0 0 0 0 0 0 
0    0 0 0 0 0 0 0 0 0 0 
0    0 0 0 0 0 0 0 0 0 0 
0    0 0 0 0 0 0 0 0 0 0 
0    0 0 0 0 0 0 0 0 0 0 
0    0 0 0 0 0 0 0 0 0 0 
0    0 0 0 0 0 0 0 0 0 0 
0    0 0 0 0 0 0 0 0 0 0 
0    0 0 0 0 0 0 0 0 0 0 
0    0 0 0 0 0 0 0 0 0 0 
0    0 0 0 0 0 0 0 0 0 0 
0    0 0 0 0 0 0 0 0 0 0 
0    0 0 0 0 0 0 0 0 0 0 
0    0 0 0 0 0 0 0 0 0 0 
0    0 0 0 0 0 0 0 0 0 0 
0    0 0 0 0 0 0 0 0 0 0 
0    0 0 0 0 0 0 0 0 0 0 
0    0 0 0 0 0 0 0 0 0 0 
0    0 0 0 0 0 0 0 0 0 0 
0    0 0 0 0 0 0 0 0 0 0 
0    0 0 0 0 0 0 0 0 0 0 
0    0 0 0 0 0 0 0 0 0 0 
0    0 0 0 0 0 0 0 0 0 0 
0    0 0 0 0 0 0 0 0 0 0 
0    0 0 0 0 0 0 0 0 0 0 
0    0 0 0 0 0 0 0 0 0 0 
0    0 0 0 0 0 0 0 0 0 0 
0    0 0 0 0 0 0 0 0 0 0 
0    0 0 0 0 0 0 0 0 0 0 
0    0 0 0 0 0 0 0 0 0 0 
0    0 0 0 0 0 0 0 0 0 0 
0    0 0 0 0 0 0 0 0 0 0 
0    0 0 0 0 0 0 0 0 0 0 
0    0 0 0 0 0 0 0 0 0 0 
0    0 0 0 0 0 0 0 0 0 0 
0    0 0 0 0 0 0 0 0 0 0 
0    0 0 0 0 0 0 0 0 0 0 
0    0 0 0 0 0 0 0 0 0 0 
0    0 0 0 0 0 0 0 0 0 0 
0    0 0 0 0 0 0 0 0 0 0 
0    0 0 0 0 0 0 0 0 0 0 
0    0 0 0 0 0 0 0 0 0 0 
0    0 0 0 0 0 0 0 0 0 0 
0    0 0 0 0 0 0 0 0 0 0 
0    0 0 0 0 0 0 0 0 0 0 
0    0 0 0 0 0 0 0 0 0 0 
0    0 0 0 0 0 0 0 0 0 0 
0    0 0 0 0 0 0 0 0 0 0 
0    0 0 0 0 0 0 0 0 0 0 
0    0 0 0 0 0 0 0 0 0 0 
0    0 0 0 0 0 0 0 0 0 0 
0    0 0 0 0 0 0 0 0 0 0 
0    0 0 0 0 0 0 0 0 0 0 
0    0 0 0 0 0 0 0 0 0 0 
0    0 0 0 0 0 0 0 0 0 0 
0    0 0 0 0 0 0 0 0 0 0 
0    0 0 0 0 0 0 0 0 0 0 
0    0 0 0 0 0 0 0 0 0 0 
0    0 0 0 0 0 0 0 0 0 0 
0    0 0 0 0 0 0 0 0 0 0 
0    0 0 0 0 0 0 0 0 0 0 
0    0 0 0 0 0 0 0 0 0 0 
0    0 0 0 0 0 0 0 0 0 0 
0    0 0 0 0 0 0 0 0 0 0 
0    0 0 0 0 0 0 0 0 0 0 
0    0 0 0 0 0 0 0 0 0 0 
0    0 0 0 0 0 0 0 0 0 0 
0    0 0 0 0 0 0 0 0 0 0 
0    0 0 0 0 0 0 0 0 0 0 
0    0 0 0 0 0 0 0 0 0 0 
0    0 0 0 0 0 0 0 0 0 0 
0    0 0 0 0 0 0 0 0 0 0 
0    0 0 0 0 0 0 0 0 0 0 
0    0 0 0 0 0 0 0 0 0 0 
0    0 0 0 0 0 0 0 0 0 0 
0    0 0 0 0 0 0 0 0 0 0 
0    0 0 0 0 0 0 0 0 0 0 
0    0 0 0 0 0 0 0 0 0 0 
0    0 0 0 0 0 0 0 0 0 0 
0    0 0 0 0 0 0 0 0 0 0 
0    0 0 0 0 0 0 0 0 0 0 
0    0 0 0 0 0 0 0 0 0 0 
0    0 0 0 0 0 0 0 0 0 0 
0    0 0 0 0 0 0 0 0 0 0 
0    0 0 0 0 0 0 0 0 0 0 
0    0 0 0 0 0 0 0 0 0 0 
0    0 0 0 0 0 0 0 0 0 0 
0    0 0 0 0 0 0 0 0 0 0 
0    0 0 0 0 0 0 0 0 0 0 
0    0 0 0 0 0 0 0 0 0 0 
0    0 0 0 0 0 0 0 0 0 0 
0    0 0 0 0 0 0 0 0 0 0 
0    0 0 0 0 0 0 0 0 0 0 
0    0 0 0 0 0 0 0 0 0 0 
0    0 0 0 0 0 0 0 0 0 0 
0    0 0 0 0 0 0 0 0 0 0 
0    0 0 0 0 0 0 0 0 0 0 
0    0 0 0 0 0 0 0 0 0 0 
0    0 0 0 0 0 0 0 0 0 0 
0    0 0 0 0 0 0 0 0 0 0 
0    0 0 0 0 0 0 0 0 0 0 
0    0 0 0 0 0 0 0 0 0 0 
0    0 0 0 0 0 0 0 0 0 0 
0    0 0 0 0 0 0 0 0 0 0 
0    0 0 0 0 0 0 0 0 0 0 
0    0 0 0 0 0 0 0 0 0 0 
0    0 0 0 0 0 0 0 0 0 0 
0    0 0 0 0 0 0 0 0 0 0 
0    0 0 0 0 0 0 0 0 0 0 
0    0 0 0 0 0 0 0 0 0 0 
0    0 0 0 0 0 0 0 0 0 0 
0    0 0 0 0 0 0 0 0 0 0 
0    0 0 0 0 0 0 0 0 0 0 
0    0 0 0 0 0 0 0 0 0 0 
0    0 0 0 0 0 0 0 0 0 0 
0    0 0 0 0 0 0 0 0 0 0 
0    0 0 0 0 0 0 0 0 0 0 
0    0 0 0 0 0 0 0 0 0 0 
0    0 0 0 0 0 0 0 0 0 0 
0    0 0 0 0 0 0 0 0 0 0 
0    0 0 0 0 0 0 0 0 0 0 
0    0 0 0 0 0 0 0 0 0 0 
0    0 0 0 0 0 0 0 0 0 0 
0    0 0 0 0 0 0 0 0 0 0 
0    0 0 0 0 0 0 0 0 0 0 
0    0 0 0 0 0 0 0 0 0 0 
0    0 0 0 0 0 0 0 0 0 0 
0    0 0 0 0 0 0 0 0 0 0 
0    0 0 0 0 0 0 0 0 0 0 
0    0 0 0 0 0 0 0 0 0 0 
0    0 0 0 0 0 0 0 0 0 0 
0    0 0 0 0 0 0 0 0 0 0 
0    0 0 0 0 0 0 0 0 0 0 
0    0 0 0 0 0 0 0 0 0 0 
0    0 0 0 0 0 0 0 0 0 0 
0    0 0 0 0 0 0 0 0 0 0 
0    0 0 0 0 0 0 0 0 0 0 
0    0 0 0 0 0 0 0 0 0 0 
0    0 0 0 0 0 0 0 0 0 0 
0    0 0 0 0 0 0 0 0 0 0 
0    0 0 0 0 0 0 0 0 0 0 
0    0 0 0 0 0 0 0 0 0 0 
0    0 0 0 0 0 0 0 0 0 0 
0    0 0 0 0 0 0 0 0 0 0 
0    0 0 0 0 0 0 0 0 0 0 
0    0 0 0 0 0 0 0 0 0 0 
0    0 0 0 0 0 0 0 0 0 0 
0    0 0 0 0 0 0 0 0 0 0 
0    0 0 0 0 0 0 0 0 0 0 
0    0 0 0 0 0 0 0 0 0 0 
0    0 0 0 0 0 0 0 0 0 0 
0    0 0 0 0 0 0 0 0 0 0 
0    0 0 0 0 0 0 0 0 0 0 
0    0 0 0 0 0 0 0 0 0 0 
0    0 0 0 0 0 0 0 0 0 0 
0    0 0 0 0 0 0 0 0 0 0 
0    0 0 0 0 0 0 0 0 0 0 
0    0 0 0 0 0 0 0 0 0 0 
0    0 0 0 0 0 0 0 0 0 0 
0    0 0 0 0 0 0 0 0 0 0 
0    0 0 0 0 0 0 0 0 0 0 
0    0 0 0 0 0 0 0 0 0 0 
0    0 0 0 0 0 0 0 0 0 0 
0    0 0 0 0 0 0 0 0 0 0 
0    0 0 0 0 0 0 0 0 0 0 
0    0 0 0 0 0 0 0 0 0 0 
0    0 0 0 0 0 0 0 0 0 0 
0    0 0 0 0 0 0 0 0 0 0 
0    0 0 0 0 0 0 0 0 0 0 
0    0 0 0 0 0 0 0 0 0 0 
0    0 0 0 0 0 0 0 0 0 0 
0    0 0 0 0 0 0 0 0 0 0 
0    0 0 0 0 0 0 0 0 0 0 
0    0 0 0 0 0 0 0 0 0 0 
0    0 0 0 0 0 0 0 0 0 0 
0    0 0 0 0 0 0 0 0 0 0 
0    0 0 0 0 0 0 0 0 0 0 
0    0 0 0 0 0 0 0 0 0 0 
0    0 0 0 0 0 0 0 0 0 0 
0    0 0 0 0 0 0 0 0 0 0 
0    0 0 0 0 0 0 0 0 0 0 
0    0 0 0 0 0 0 0 0 0 0 
0    0 0 0 0 0 0 0 0 0 0 
0    0 0 0 0 0 0 0 0 0 0 
0    0 0 0 0 0 0 0 0 0 0 
0    0 0 0 0 0 0 0 0 0 0 
0    0 0 0 0 0 0 0 0 0 0 
0    0 0 0 0 0 0 0 0 0 0 
0    0 0 0 0 0 0 0 0 0 0 
0    0 0 0 0 0 0 0 0 0 0 
0    0 0 0 0 0 0 0 0 0 0 
0    0 0 0 0 0 0 0 0 0 0 
0    0 0 0 0 0 0 0 0 0 0 
0    0 0 0 0 0 0 0 0 0 0 
0    0 0 0 0 0 0 0 0 0 0 
0    0 0 0 0 0 0 0 0 0 0 
0    0 0 0 0 0 0 0 0 0 0 
0    0 0 0 0 0 0 0 0 0 0 
0    0 0 0 0 0 0 0 0 0 0 
0    0 0 0 0 0 0 0 0 0 0 
0    0 0 0 0 0 0 0 0 0 0 
0    0 0 0 0 0 0 0 0 0 0 
0    0 0 0 0 0 0 0 0 0 0 
0    0 0 0 0 0 0 0 0 0 0 
0    0 0 0 0 0 0 0 0 0 0 
0    0 0 0 0 0 0 0 0 0 0 
0    0 0 0 0 0 0 0 0 0 0 
0    0 0 0 0 0 0 0 0 0 0 
