0.279    9954 2839 1779 0 0 0 0 0 0 0 
0.125349    7684 5109 1779 0 0 0 0 0 0 0 
0.001651    0 2270 2839 1779 0 0 0 0 0 0 
0.007866    6159 6634 1779 0 0 0 0 0 0 0 
0.001288    0 3795 2839 1779 0 0 0 0 0 0 
0.0257922    0 1534 6879 0 0 0 0 0 0 0 
0.010059    0 0 5100 1779 0 0 0 0 0 0 
0.000994842    0 0 2261 2839 1779 0 0 0 0 0 
0.162    6028 3926 2839 1779 0 0 0 0 0 0 
0.07442    5627 4327 2839 1779 0 0 0 0 0 0 
0.0469615    0 2057 5109 1779 0 0 0 0 0 0 
0.00061854    0 0 2270 2839 1779 0 0 0 0 0 
0.01848    5407 7386 1779 0 0 0 0 0 0 0 
0.01236    0 4547 2839 1779 0 0 0 0 0 0 
0.000532    0 2286 6879 0 0 0 0 0 0 0 
0.00020748    0 0 5100 1779 0 0 0 0 0 0 
2.052e-05    0 0 2261 2839 1779 0 0 0 0 0 
0.00114492    0 2277 5109 1779 0 0 0 0 0 0 
1.508e-05    0 0 2270 2839 1779 0 0 0 0 0 
0.0019602    0 1784 7381 0 0 0 0 0 0 0 
0.0034236    0 0 5602 1779 0 0 0 0 0 0 
1.62e-05    0 0 2401 3201 1779 0 0 0 0 0 
0.001692    0 1749 7416 0 0 0 0 0 0 0 
0.000108    0 0 5637 1779 0 0 0 0 0 0 
0.003289    5155 7638 1779 0 0 0 0 0 0 0 
0.003588    0 4799 2839 1779 0 0 0 0 0 0 
0.000263718    0 3141 4497 1779 0 0 0 0 0 0 
3.5282e-05    0 0 1658 2839 1779 0 0 0 0 0 
0.00183878    0 2529 5109 1779 0 0 0 0 0 0 
2.4219e-05    0 0 2270 2839 1779 0 0 0 0 0 
4.1745e-05    0 2036 7381 0 0 0 0 0 0 0 
7.291e-05    0 0 5602 1779 0 0 0 0 0 0 
3.45e-07    0 0 2401 3201 1779 0 0 0 0 0 
0.00121072    0 2001 7416 0 0 0 0 0 0 0 
7.728e-05    0 0 5637 1779 0 0 0 0 0 0 
0.00651751    0 1618 6020 1779 0 0 0 0 0 0 
0.00012857    0 0 3181 2839 1779 0 0 0 0 0 
0.00284369    0 0 1523 4497 1779 0 0 0 0 0 
0.000380449    0 0 0 1658 2839 1779 0 0 0 0 
9.76143e-06    0 0 911 5109 1779 0 0 0 0 0 
1.2857e-07    0 0 0 2270 2839 1779 0 0 0 0 
0.00222511    0 1484 7933 0 0 0 0 0 0 0 
0.00014674    0 0 6154 1779 0 0 0 0 0 0 
0.000125396    0 0 3315 2839 1779 0 0 0 0 0 
0.00010672    0 0 2953 3201 1779 0 0 0 0 0 
5.64762e-05    0 0 1657 4497 1779 0 0 0 0 0 
7.55578e-06    0 0 0 1658 2839 1779 0 0 0 0 
0.014    4261 8532 1779 0 0 0 0 0 0 0 
0.0175    0 5693 2839 1779 0 0 0 0 0 0 
0.003087    0 4035 4497 1779 0 0 0 0 0 0 
0.000413    0 0 1658 2839 1779 0 0 0 0 0 
0.013761    4154 5800 2839 1779 0 0 0 0 0 0 
0.0639168    0 4142 4497 1779 0 0 0 0 0 0 
0.00855122    0 0 1658 2839 1779 0 0 0 0 0 
0.00811018    0 3530 5109 1779 0 0 0 0 0 0 
0.000106821    0 0 2270 2839 1779 0 0 0 0 0 
0.00293584    0 2619 6020 1779 0 0 0 0 0 0 
5.7915e-05    0 0 3181 2839 1779 0 0 0 0 0 
0.00128096    0 0 1523 4497 1779 0 0 0 0 0 
0.000171375    0 0 0 1658 2839 1779 0 0 0 0 
4.39708e-06    0 0 911 5109 1779 0 0 0 0 0 
5.7915e-08    0 0 0 2270 2839 1779 0 0 0 0 
0.012    3472 6482 2839 1779 0 0 0 0 0 0 
0.009725    3377 9416 1779 0 0 0 0 0 0 0 
0.0072    0 6577 2839 1779 0 0 0 0 0 0 
0.00222705    0 4919 4497 1779 0 0 0 0 0 0 
0.00029795    0 0 1658 2839 1779 0 0 0 0 0 
0.000807675    0 3814 7381 0 0 0 0 0 0 0 
0.00141065    0 0 5602 1779 0 0 0 0 0 0 
6.675e-06    0 0 2401 3201 1779 0 0 0 0 0 
0.00146165    0 1879 7537 1779 0 0 0 0 0 0 
0.000477338    0 0 3040 4497 1779 0 0 0 0 0 
6.38616e-05    0 0 0 1658 2839 1779 0 0 0 0 
2.29662e-05    0 0 1517 6020 1779 0 0 0 0 0 
4.5305e-07    0 0 0 3181 2839 1779 0 0 0 0 
1.00205e-05    0 0 0 1523 4497 1779 0 0 0 0 
1.34061e-06    0 0 0 0 1658 2839 1779 0 0 0 
3.4397e-08    0 0 0 911 5109 1779 0 0 0 0 
4.5305e-10    0 0 0 0 2270 2839 1779 0 0 0 
1.0824e-05    0 0 727 6810 1779 0 0 0 0 0 
5.289e-07    0 0 0 3971 2839 1779 0 0 0 0 
7.48553e-07    0 0 0 2313 4497 1779 0 0 0 0 
1.00147e-07    0 0 0 0 1658 2839 1779 0 0 0 
3.64203e-08    0 0 0 1701 5109 1779 0 0 0 0 
4.797e-10    0 0 0 0 2270 2839 1779 0 0 0 
4.05285e-08    0 0 0 790 6020 1779 0 0 0 0 
7.995e-10    0 0 0 0 3181 2839 1779 0 0 0 
1.76832e-08    0 0 0 0 1523 4497 1779 0 0 0 
2.36578e-09    0 0 0 0 0 0 1658 2839 1779 0 
6.07005e-11    0 0 0 0 911 5109 1779 0 0 0 
7.995e-13    0 0 0 0 0 0 2270 2839 1779 0 
0.0006885    0 1399 9796 0 0 0 0 0 0 0 
0.000536775    0 0 8017 1779 0 0 0 0 0 0 
4.9725e-05    0 0 4816 3201 1779 0 0 0 0 0 
0.0243    3240 6714 2839 1779 0 0 0 0 0 0 
0.0017766    0 4444 5109 1779 0 0 0 0 0 0 
2.34e-05    0 0 2270 2839 1779 0 0 0 0 0 
0.002379    0 2387 4327 2839 1779 0 0 0 0 0 
0.00150123    0 0 2057 5109 1779 0 0 0 0 0 
1.9773e-05    0 0 0 2270 2839 1779 0 0 0 0 
0    0 0 0 0 0 0 0 0 0 0 
0    0 0 0 0 0 0 0 0 0 0 
0    0 0 0 0 0 0 0 0 0 0 
0    0 0 0 0 0 0 0 0 0 0 
0    0 0 0 0 0 0 0 0 0 0 
0    0 0 0 0 0 0 0 0 0 0 
0    0 0 0 0 0 0 0 0 0 0 
0    0 0 0 0 0 0 0 0 0 0 
0    0 0 0 0 0 0 0 0 0 0 
0    0 0 0 0 0 0 0 0 0 0 
0    0 0 0 0 0 0 0 0 0 0 
0    0 0 0 0 0 0 0 0 0 0 
0    0 0 0 0 0 0 0 0 0 0 
0    0 0 0 0 0 0 0 0 0 0 
0    0 0 0 0 0 0 0 0 0 0 
0    0 0 0 0 0 0 0 0 0 0 
0    0 0 0 0 0 0 0 0 0 0 
0    0 0 0 0 0 0 0 0 0 0 
0    0 0 0 0 0 0 0 0 0 0 
0    0 0 0 0 0 0 0 0 0 0 
0    0 0 0 0 0 0 0 0 0 0 
0    0 0 0 0 0 0 0 0 0 0 
0    0 0 0 0 0 0 0 0 0 0 
0    0 0 0 0 0 0 0 0 0 0 
0    0 0 0 0 0 0 0 0 0 0 
0    0 0 0 0 0 0 0 0 0 0 
0    0 0 0 0 0 0 0 0 0 0 
0    0 0 0 0 0 0 0 0 0 0 
0    0 0 0 0 0 0 0 0 0 0 
0    0 0 0 0 0 0 0 0 0 0 
0    0 0 0 0 0 0 0 0 0 0 
0    0 0 0 0 0 0 0 0 0 0 
0    0 0 0 0 0 0 0 0 0 0 
0    0 0 0 0 0 0 0 0 0 0 
0    0 0 0 0 0 0 0 0 0 0 
0    0 0 0 0 0 0 0 0 0 0 
0    0 0 0 0 0 0 0 0 0 0 
0    0 0 0 0 0 0 0 0 0 0 
0    0 0 0 0 0 0 0 0 0 0 
0    0 0 0 0 0 0 0 0 0 0 
0    0 0 0 0 0 0 0 0 0 0 
0    0 0 0 0 0 0 0 0 0 0 
0    0 0 0 0 0 0 0 0 0 0 
0    0 0 0 0 0 0 0 0 0 0 
0    0 0 0 0 0 0 0 0 0 0 
0    0 0 0 0 0 0 0 0 0 0 
0    0 0 0 0 0 0 0 0 0 0 
0    0 0 0 0 0 0 0 0 0 0 
0    0 0 0 0 0 0 0 0 0 0 
0    0 0 0 0 0 0 0 0 0 0 
0    0 0 0 0 0 0 0 0 0 0 
0    0 0 0 0 0 0 0 0 0 0 
0    0 0 0 0 0 0 0 0 0 0 
0    0 0 0 0 0 0 0 0 0 0 
0    0 0 0 0 0 0 0 0 0 0 
0    0 0 0 0 0 0 0 0 0 0 
0    0 0 0 0 0 0 0 0 0 0 
0    0 0 0 0 0 0 0 0 0 0 
0    0 0 0 0 0 0 0 0 0 0 
0    0 0 0 0 0 0 0 0 0 0 
0    0 0 0 0 0 0 0 0 0 0 
0    0 0 0 0 0 0 0 0 0 0 
0    0 0 0 0 0 0 0 0 0 0 
0    0 0 0 0 0 0 0 0 0 0 
0    0 0 0 0 0 0 0 0 0 0 
0    0 0 0 0 0 0 0 0 0 0 
0    0 0 0 0 0 0 0 0 0 0 
0    0 0 0 0 0 0 0 0 0 0 
0    0 0 0 0 0 0 0 0 0 0 
0    0 0 0 0 0 0 0 0 0 0 
0    0 0 0 0 0 0 0 0 0 0 
0    0 0 0 0 0 0 0 0 0 0 
0    0 0 0 0 0 0 0 0 0 0 
0    0 0 0 0 0 0 0 0 0 0 
0    0 0 0 0 0 0 0 0 0 0 
0    0 0 0 0 0 0 0 0 0 0 
0    0 0 0 0 0 0 0 0 0 0 
0    0 0 0 0 0 0 0 0 0 0 
0    0 0 0 0 0 0 0 0 0 0 
0    0 0 0 0 0 0 0 0 0 0 
0    0 0 0 0 0 0 0 0 0 0 
0    0 0 0 0 0 0 0 0 0 0 
0    0 0 0 0 0 0 0 0 0 0 
0    0 0 0 0 0 0 0 0 0 0 
0    0 0 0 0 0 0 0 0 0 0 
0    0 0 0 0 0 0 0 0 0 0 
0    0 0 0 0 0 0 0 0 0 0 
0    0 0 0 0 0 0 0 0 0 0 
0    0 0 0 0 0 0 0 0 0 0 
0    0 0 0 0 0 0 0 0 0 0 
0    0 0 0 0 0 0 0 0 0 0 
0    0 0 0 0 0 0 0 0 0 0 
0    0 0 0 0 0 0 0 0 0 0 
0    0 0 0 0 0 0 0 0 0 0 
0    0 0 0 0 0 0 0 0 0 0 
0    0 0 0 0 0 0 0 0 0 0 
0    0 0 0 0 0 0 0 0 0 0 
0    0 0 0 0 0 0 0 0 0 0 
0    0 0 0 0 0 0 0 0 0 0 
0    0 0 0 0 0 0 0 0 0 0 
0    0 0 0 0 0 0 0 0 0 0 
0    0 0 0 0 0 0 0 0 0 0 
0    0 0 0 0 0 0 0 0 0 0 
0    0 0 0 0 0 0 0 0 0 0 
0    0 0 0 0 0 0 0 0 0 0 
0    0 0 0 0 0 0 0 0 0 0 
0    0 0 0 0 0 0 0 0 0 0 
0    0 0 0 0 0 0 0 0 0 0 
0    0 0 0 0 0 0 0 0 0 0 
0    0 0 0 0 0 0 0 0 0 0 
0    0 0 0 0 0 0 0 0 0 0 
0    0 0 0 0 0 0 0 0 0 0 
0    0 0 0 0 0 0 0 0 0 0 
0    0 0 0 0 0 0 0 0 0 0 
0    0 0 0 0 0 0 0 0 0 0 
0    0 0 0 0 0 0 0 0 0 0 
0    0 0 0 0 0 0 0 0 0 0 
0    0 0 0 0 0 0 0 0 0 0 
0    0 0 0 0 0 0 0 0 0 0 
0    0 0 0 0 0 0 0 0 0 0 
0    0 0 0 0 0 0 0 0 0 0 
0    0 0 0 0 0 0 0 0 0 0 
0    0 0 0 0 0 0 0 0 0 0 
0    0 0 0 0 0 0 0 0 0 0 
0    0 0 0 0 0 0 0 0 0 0 
0    0 0 0 0 0 0 0 0 0 0 
0    0 0 0 0 0 0 0 0 0 0 
0    0 0 0 0 0 0 0 0 0 0 
0    0 0 0 0 0 0 0 0 0 0 
0    0 0 0 0 0 0 0 0 0 0 
0    0 0 0 0 0 0 0 0 0 0 
0    0 0 0 0 0 0 0 0 0 0 
0    0 0 0 0 0 0 0 0 0 0 
0    0 0 0 0 0 0 0 0 0 0 
0    0 0 0 0 0 0 0 0 0 0 
0    0 0 0 0 0 0 0 0 0 0 
0    0 0 0 0 0 0 0 0 0 0 
0    0 0 0 0 0 0 0 0 0 0 
0    0 0 0 0 0 0 0 0 0 0 
0    0 0 0 0 0 0 0 0 0 0 
0    0 0 0 0 0 0 0 0 0 0 
0    0 0 0 0 0 0 0 0 0 0 
0    0 0 0 0 0 0 0 0 0 0 
0    0 0 0 0 0 0 0 0 0 0 
0    0 0 0 0 0 0 0 0 0 0 
0    0 0 0 0 0 0 0 0 0 0 
0    0 0 0 0 0 0 0 0 0 0 
0    0 0 0 0 0 0 0 0 0 0 
0    0 0 0 0 0 0 0 0 0 0 
0    0 0 0 0 0 0 0 0 0 0 
0    0 0 0 0 0 0 0 0 0 0 
0    0 0 0 0 0 0 0 0 0 0 
0    0 0 0 0 0 0 0 0 0 0 
0    0 0 0 0 0 0 0 0 0 0 
0    0 0 0 0 0 0 0 0 0 0 
0    0 0 0 0 0 0 0 0 0 0 
0    0 0 0 0 0 0 0 0 0 0 
0    0 0 0 0 0 0 0 0 0 0 
0    0 0 0 0 0 0 0 0 0 0 
0    0 0 0 0 0 0 0 0 0 0 
0    0 0 0 0 0 0 0 0 0 0 
0    0 0 0 0 0 0 0 0 0 0 
0    0 0 0 0 0 0 0 0 0 0 
0    0 0 0 0 0 0 0 0 0 0 
0    0 0 0 0 0 0 0 0 0 0 
0    0 0 0 0 0 0 0 0 0 0 
0    0 0 0 0 0 0 0 0 0 0 
0    0 0 0 0 0 0 0 0 0 0 
0    0 0 0 0 0 0 0 0 0 0 
0    0 0 0 0 0 0 0 0 0 0 
0    0 0 0 0 0 0 0 0 0 0 
0    0 0 0 0 0 0 0 0 0 0 
0    0 0 0 0 0 0 0 0 0 0 
0    0 0 0 0 0 0 0 0 0 0 
0    0 0 0 0 0 0 0 0 0 0 
0    0 0 0 0 0 0 0 0 0 0 
0    0 0 0 0 0 0 0 0 0 0 
0    0 0 0 0 0 0 0 0 0 0 
0    0 0 0 0 0 0 0 0 0 0 
0    0 0 0 0 0 0 0 0 0 0 
0    0 0 0 0 0 0 0 0 0 0 
0    0 0 0 0 0 0 0 0 0 0 
0    0 0 0 0 0 0 0 0 0 0 
0    0 0 0 0 0 0 0 0 0 0 
0    0 0 0 0 0 0 0 0 0 0 
0    0 0 0 0 0 0 0 0 0 0 
0    0 0 0 0 0 0 0 0 0 0 
0    0 0 0 0 0 0 0 0 0 0 
0    0 0 0 0 0 0 0 0 0 0 
0    0 0 0 0 0 0 0 0 0 0 
0    0 0 0 0 0 0 0 0 0 0 
0    0 0 0 0 0 0 0 0 0 0 
0    0 0 0 0 0 0 0 0 0 0 
0    0 0 0 0 0 0 0 0 0 0 
0    0 0 0 0 0 0 0 0 0 0 
0    0 0 0 0 0 0 0 0 0 0 
0    0 0 0 0 0 0 0 0 0 0 
0    0 0 0 0 0 0 0 0 0 0 
0    0 0 0 0 0 0 0 0 0 0 
0    0 0 0 0 0 0 0 0 0 0 
