0.016    10185 2839 1779 0 0 0 0 0 0 0 
0.313992    8527 4497 1779 0 0 0 0 0 0 0 
0.042008    0 1658 2839 1779 0 0 0 0 0 0 
0.0917    7924 6879 0 0 0 0 0 0 0 0 
0.035763    0 5100 1779 0 0 0 0 0 0 0 
0.003537    0 2261 2839 1779 0 0 0 0 0 0 
0.129297    7915 5109 1779 0 0 0 0 0 0 0 
0.001703    0 2270 2839 1779 0 0 0 0 0 0 
0.082375    7004 6020 1779 0 0 0 0 0 0 0 
0.001625    0 3181 2839 1779 0 0 0 0 0 0 
0.0359415    0 1523 4497 1779 0 0 0 0 0 0 
0.0048085    0 0 1658 2839 1779 0 0 0 0 0 
0.000123375    0 911 5109 1779 0 0 0 0 0 0 
1.625e-06    0 0 2270 2839 1779 0 0 0 0 0 
0.02992    6214 6810 1779 0 0 0 0 0 0 0 
0.001462    0 3971 2839 1779 0 0 0 0 0 0 
0.00206917    0 2313 4497 1779 0 0 0 0 0 0 
0.000276828    0 0 1658 2839 1779 0 0 0 0 0 
0.000100674    0 1701 5109 1779 0 0 0 0 0 0 
1.326e-06    0 0 2270 2839 1779 0 0 0 0 0 
0.00011203    0 790 6020 1779 0 0 0 0 0 0 
2.21e-06    0 0 3181 2839 1779 0 0 0 0 0 
4.88804e-05    0 0 1523 4497 1779 0 0 0 0 0 
6.53956e-06    0 0 0 1658 2839 1779 0 0 0 0 
1.6779e-07    0 0 911 5109 1779 0 0 0 0 0 
2.21e-09    0 0 0 2270 2839 1779 0 0 0 0 
0.05795    5858 4327 2839 1779 0 0 0 0 0 0 
0.0365683    0 2057 5109 1779 0 0 0 0 0 0 
0.00048165    0 0 2270 2839 1779 0 0 0 0 0 
0.015246    5638 7386 1779 0 0 0 0 0 0 0 
0.010197    0 4547 2839 1779 0 0 0 0 0 0 
0.0004389    0 2286 6879 0 0 0 0 0 0 0 
0.000171171    0 0 5100 1779 0 0 0 0 0 0 
1.6929e-05    0 0 2261 2839 1779 0 0 0 0 0 
0.000944559    0 2277 5109 1779 0 0 0 0 0 0 
1.2441e-05    0 0 2270 2839 1779 0 0 0 0 0 
0.00161717    0 1784 7381 0 0 0 0 0 0 0 
0.00282447    0 0 5602 1779 0 0 0 0 0 0 
1.3365e-05    0 0 2401 3201 1779 0 0 0 0 0 
0.0013959    0 1749 7416 0 0 0 0 0 0 0 
8.91e-05    0 0 5637 1779 0 0 0 0 0 0 
0.006864    5386 7638 1779 0 0 0 0 0 0 0 
0.007488    0 4799 2839 1779 0 0 0 0 0 0 
0.000550368    0 3141 4497 1779 0 0 0 0 0 0 
7.3632e-05    0 0 1658 2839 1779 0 0 0 0 0 
0.00383746    0 2529 5109 1779 0 0 0 0 0 0 
5.0544e-05    0 0 2270 2839 1779 0 0 0 0 0 
8.712e-05    0 2036 7381 0 0 0 0 0 0 0 
0.00015216    0 0 5602 1779 0 0 0 0 0 0 
7.2e-07    0 0 2401 3201 1779 0 0 0 0 0 
0.00252672    0 2001 7416 0 0 0 0 0 0 0 
0.00016128    0 0 5637 1779 0 0 0 0 0 0 
0.0136018    0 1618 6020 1779 0 0 0 0 0 0 
0.00026832    0 0 3181 2839 1779 0 0 0 0 0 
0.00593466    0 0 1523 4497 1779 0 0 0 0 0 
0.00079398    0 0 0 1658 2839 1779 0 0 0 0 
2.03717e-05    0 0 911 5109 1779 0 0 0 0 0 
2.6832e-07    0 0 0 2270 2839 1779 0 0 0 0 
0.00464371    0 1484 7933 0 0 0 0 0 0 0 
0.00030624    0 0 6154 1779 0 0 0 0 0 0 
0.000261696    0 0 3315 2839 1779 0 0 0 0 0 
0.00022272    0 0 2953 3201 1779 0 0 0 0 0 
0.000117863    0 0 1657 4497 1779 0 0 0 0 0 
1.57686e-05    0 0 0 1658 2839 1779 0 0 0 0 
0.001112    4385 5800 2839 1779 0 0 0 0 0 0 
0.00516499    0 4142 4497 1779 0 0 0 0 0 0 
0.000691008    0 0 1658 2839 1779 0 0 0 0 0 
0.000655368    0 3530 5109 1779 0 0 0 0 0 0 
8.632e-06    0 0 2270 2839 1779 0 0 0 0 0 
0.00023724    0 2619 6020 1779 0 0 0 0 0 0 
4.68e-06    0 0 3181 2839 1779 0 0 0 0 0 
0.000103512    0 0 1523 4497 1779 0 0 0 0 0 
1.38485e-05    0 0 0 1658 2839 1779 0 0 0 0 
3.5532e-07    0 0 911 5109 1779 0 0 0 0 0 
4.68e-09    0 0 0 2270 2839 1779 0 0 0 0 
0.005543    4136 8888 1779 0 0 0 0 0 0 0 
0.00109544    0 4391 4497 1779 0 0 0 0 0 0 
0.000146556    0 0 1658 2839 1779 0 0 0 0 0 
0.00154367    0 3779 5109 1779 0 0 0 0 0 0 
2.0332e-05    0 0 2270 2839 1779 0 0 0 0 0 
0.000175329    0 3286 7381 0 0 0 0 0 0 0 
0.000306222    0 0 5602 1779 0 0 0 0 0 0 
1.449e-06    0 0 2401 3201 1779 0 0 0 0 0 
0.00244306    0 3251 7416 0 0 0 0 0 0 0 
0.00015594    0 0 5637 1779 0 0 0 0 0 0 
0.000211002    0 2734 7933 0 0 0 0 0 0 0 
1.3915e-05    0 0 6154 1779 0 0 0 0 0 0 
1.1891e-05    0 0 3315 2839 1779 0 0 0 0 0 
1.012e-05    0 0 2953 3201 1779 0 0 0 0 0 
5.3555e-06    0 0 1657 4497 1779 0 0 0 0 0 
7.16496e-07    0 0 0 1658 2839 1779 0 0 0 0 
0.00806831    0 1351 7537 1779 0 0 0 0 0 0 
0.00263491    0 0 3040 4497 1779 0 0 0 0 0 
0.000352516    0 0 0 1658 2839 1779 0 0 0 0 
0.000126773    0 0 1517 6020 1779 0 0 0 0 0 
2.50084e-06    0 0 0 3181 2839 1779 0 0 0 0 
5.53131e-05    0 0 0 1523 4497 1779 0 0 0 0 
7.40017e-06    0 0 0 0 1658 2839 1779 0 0 0 
1.89871e-07    0 0 0 911 5109 1779 0 0 0 0 
2.50084e-09    0 0 0 0 2270 2839 1779 0 0 0 
5.97485e-05    0 0 727 6810 1779 0 0 0 0 0 
2.91953e-06    0 0 0 3971 2839 1779 0 0 0 0 
4.13201e-06    0 0 0 2313 4497 1779 0 0 0 0 
5.52809e-07    0 0 0 0 1658 2839 1779 0 0 0 
2.0104e-07    0 0 0 1701 5109 1779 0 0 0 0 
2.64794e-09    0 0 0 0 2270 2839 1779 0 0 0 
2.23717e-07    0 0 0 790 6020 1779 0 0 0 0 
4.41324e-09    0 0 0 0 3181 2839 1779 0 0 0 
9.76114e-08    0 0 0 0 1523 4497 1779 0 0 0 
1.30591e-08    0 0 0 0 0 0 1658 2839 1779 0 
3.35067e-10    0 0 0 0 911 5109 1779 0 0 0 
4.41324e-12    0 0 0 0 0 0 2270 2839 1779 0 
0    0 0 0 0 0 0 0 0 0 0 
0    0 0 0 0 0 0 0 0 0 0 
0    0 0 0 0 0 0 0 0 0 0 
0    0 0 0 0 0 0 0 0 0 0 
0    0 0 0 0 0 0 0 0 0 0 
0    0 0 0 0 0 0 0 0 0 0 
0    0 0 0 0 0 0 0 0 0 0 
0    0 0 0 0 0 0 0 0 0 0 
0    0 0 0 0 0 0 0 0 0 0 
0    0 0 0 0 0 0 0 0 0 0 
0    0 0 0 0 0 0 0 0 0 0 
0    0 0 0 0 0 0 0 0 0 0 
0    0 0 0 0 0 0 0 0 0 0 
0    0 0 0 0 0 0 0 0 0 0 
0    0 0 0 0 0 0 0 0 0 0 
0    0 0 0 0 0 0 0 0 0 0 
0    0 0 0 0 0 0 0 0 0 0 
0    0 0 0 0 0 0 0 0 0 0 
0    0 0 0 0 0 0 0 0 0 0 
0    0 0 0 0 0 0 0 0 0 0 
0    0 0 0 0 0 0 0 0 0 0 
0    0 0 0 0 0 0 0 0 0 0 
0    0 0 0 0 0 0 0 0 0 0 
0    0 0 0 0 0 0 0 0 0 0 
0    0 0 0 0 0 0 0 0 0 0 
0    0 0 0 0 0 0 0 0 0 0 
0    0 0 0 0 0 0 0 0 0 0 
0    0 0 0 0 0 0 0 0 0 0 
0    0 0 0 0 0 0 0 0 0 0 
0    0 0 0 0 0 0 0 0 0 0 
0    0 0 0 0 0 0 0 0 0 0 
0    0 0 0 0 0 0 0 0 0 0 
0    0 0 0 0 0 0 0 0 0 0 
0    0 0 0 0 0 0 0 0 0 0 
0    0 0 0 0 0 0 0 0 0 0 
0    0 0 0 0 0 0 0 0 0 0 
0    0 0 0 0 0 0 0 0 0 0 
0    0 0 0 0 0 0 0 0 0 0 
0    0 0 0 0 0 0 0 0 0 0 
0    0 0 0 0 0 0 0 0 0 0 
0    0 0 0 0 0 0 0 0 0 0 
0    0 0 0 0 0 0 0 0 0 0 
0    0 0 0 0 0 0 0 0 0 0 
0    0 0 0 0 0 0 0 0 0 0 
0    0 0 0 0 0 0 0 0 0 0 
0    0 0 0 0 0 0 0 0 0 0 
0    0 0 0 0 0 0 0 0 0 0 
0    0 0 0 0 0 0 0 0 0 0 
0    0 0 0 0 0 0 0 0 0 0 
0    0 0 0 0 0 0 0 0 0 0 
0    0 0 0 0 0 0 0 0 0 0 
0    0 0 0 0 0 0 0 0 0 0 
0    0 0 0 0 0 0 0 0 0 0 
0    0 0 0 0 0 0 0 0 0 0 
0    0 0 0 0 0 0 0 0 0 0 
0    0 0 0 0 0 0 0 0 0 0 
0    0 0 0 0 0 0 0 0 0 0 
0    0 0 0 0 0 0 0 0 0 0 
0    0 0 0 0 0 0 0 0 0 0 
0    0 0 0 0 0 0 0 0 0 0 
0    0 0 0 0 0 0 0 0 0 0 
0    0 0 0 0 0 0 0 0 0 0 
0    0 0 0 0 0 0 0 0 0 0 
0    0 0 0 0 0 0 0 0 0 0 
0    0 0 0 0 0 0 0 0 0 0 
0    0 0 0 0 0 0 0 0 0 0 
0    0 0 0 0 0 0 0 0 0 0 
0    0 0 0 0 0 0 0 0 0 0 
0    0 0 0 0 0 0 0 0 0 0 
0    0 0 0 0 0 0 0 0 0 0 
0    0 0 0 0 0 0 0 0 0 0 
0    0 0 0 0 0 0 0 0 0 0 
0    0 0 0 0 0 0 0 0 0 0 
0    0 0 0 0 0 0 0 0 0 0 
0    0 0 0 0 0 0 0 0 0 0 
0    0 0 0 0 0 0 0 0 0 0 
0    0 0 0 0 0 0 0 0 0 0 
0    0 0 0 0 0 0 0 0 0 0 
0    0 0 0 0 0 0 0 0 0 0 
0    0 0 0 0 0 0 0 0 0 0 
0    0 0 0 0 0 0 0 0 0 0 
0    0 0 0 0 0 0 0 0 0 0 
0    0 0 0 0 0 0 0 0 0 0 
0    0 0 0 0 0 0 0 0 0 0 
0    0 0 0 0 0 0 0 0 0 0 
0    0 0 0 0 0 0 0 0 0 0 
0    0 0 0 0 0 0 0 0 0 0 
0    0 0 0 0 0 0 0 0 0 0 
0    0 0 0 0 0 0 0 0 0 0 
0    0 0 0 0 0 0 0 0 0 0 
0    0 0 0 0 0 0 0 0 0 0 
0    0 0 0 0 0 0 0 0 0 0 
0    0 0 0 0 0 0 0 0 0 0 
0    0 0 0 0 0 0 0 0 0 0 
0    0 0 0 0 0 0 0 0 0 0 
0    0 0 0 0 0 0 0 0 0 0 
0    0 0 0 0 0 0 0 0 0 0 
0    0 0 0 0 0 0 0 0 0 0 
0    0 0 0 0 0 0 0 0 0 0 
0    0 0 0 0 0 0 0 0 0 0 
0    0 0 0 0 0 0 0 0 0 0 
0    0 0 0 0 0 0 0 0 0 0 
0    0 0 0 0 0 0 0 0 0 0 
0    0 0 0 0 0 0 0 0 0 0 
0    0 0 0 0 0 0 0 0 0 0 
0    0 0 0 0 0 0 0 0 0 0 
0    0 0 0 0 0 0 0 0 0 0 
0    0 0 0 0 0 0 0 0 0 0 
0    0 0 0 0 0 0 0 0 0 0 
0    0 0 0 0 0 0 0 0 0 0 
0    0 0 0 0 0 0 0 0 0 0 
0    0 0 0 0 0 0 0 0 0 0 
0    0 0 0 0 0 0 0 0 0 0 
0    0 0 0 0 0 0 0 0 0 0 
0    0 0 0 0 0 0 0 0 0 0 
0    0 0 0 0 0 0 0 0 0 0 
0    0 0 0 0 0 0 0 0 0 0 
0    0 0 0 0 0 0 0 0 0 0 
0    0 0 0 0 0 0 0 0 0 0 
0    0 0 0 0 0 0 0 0 0 0 
0    0 0 0 0 0 0 0 0 0 0 
0    0 0 0 0 0 0 0 0 0 0 
0    0 0 0 0 0 0 0 0 0 0 
0    0 0 0 0 0 0 0 0 0 0 
0    0 0 0 0 0 0 0 0 0 0 
0    0 0 0 0 0 0 0 0 0 0 
0    0 0 0 0 0 0 0 0 0 0 
0    0 0 0 0 0 0 0 0 0 0 
0    0 0 0 0 0 0 0 0 0 0 
0    0 0 0 0 0 0 0 0 0 0 
0    0 0 0 0 0 0 0 0 0 0 
0    0 0 0 0 0 0 0 0 0 0 
0    0 0 0 0 0 0 0 0 0 0 
0    0 0 0 0 0 0 0 0 0 0 
0    0 0 0 0 0 0 0 0 0 0 
0    0 0 0 0 0 0 0 0 0 0 
0    0 0 0 0 0 0 0 0 0 0 
0    0 0 0 0 0 0 0 0 0 0 
0    0 0 0 0 0 0 0 0 0 0 
0    0 0 0 0 0 0 0 0 0 0 
0    0 0 0 0 0 0 0 0 0 0 
0    0 0 0 0 0 0 0 0 0 0 
0    0 0 0 0 0 0 0 0 0 0 
0    0 0 0 0 0 0 0 0 0 0 
0    0 0 0 0 0 0 0 0 0 0 
0    0 0 0 0 0 0 0 0 0 0 
0    0 0 0 0 0 0 0 0 0 0 
0    0 0 0 0 0 0 0 0 0 0 
0    0 0 0 0 0 0 0 0 0 0 
0    0 0 0 0 0 0 0 0 0 0 
0    0 0 0 0 0 0 0 0 0 0 
0    0 0 0 0 0 0 0 0 0 0 
0    0 0 0 0 0 0 0 0 0 0 
0    0 0 0 0 0 0 0 0 0 0 
0    0 0 0 0 0 0 0 0 0 0 
0    0 0 0 0 0 0 0 0 0 0 
0    0 0 0 0 0 0 0 0 0 0 
0    0 0 0 0 0 0 0 0 0 0 
0    0 0 0 0 0 0 0 0 0 0 
0    0 0 0 0 0 0 0 0 0 0 
0    0 0 0 0 0 0 0 0 0 0 
0    0 0 0 0 0 0 0 0 0 0 
0    0 0 0 0 0 0 0 0 0 0 
0    0 0 0 0 0 0 0 0 0 0 
0    0 0 0 0 0 0 0 0 0 0 
0    0 0 0 0 0 0 0 0 0 0 
0    0 0 0 0 0 0 0 0 0 0 
0    0 0 0 0 0 0 0 0 0 0 
0    0 0 0 0 0 0 0 0 0 0 
0    0 0 0 0 0 0 0 0 0 0 
0    0 0 0 0 0 0 0 0 0 0 
0    0 0 0 0 0 0 0 0 0 0 
0    0 0 0 0 0 0 0 0 0 0 
0    0 0 0 0 0 0 0 0 0 0 
0    0 0 0 0 0 0 0 0 0 0 
0    0 0 0 0 0 0 0 0 0 0 
0    0 0 0 0 0 0 0 0 0 0 
0    0 0 0 0 0 0 0 0 0 0 
0    0 0 0 0 0 0 0 0 0 0 
0    0 0 0 0 0 0 0 0 0 0 
0    0 0 0 0 0 0 0 0 0 0 
0    0 0 0 0 0 0 0 0 0 0 
0    0 0 0 0 0 0 0 0 0 0 
0    0 0 0 0 0 0 0 0 0 0 
0    0 0 0 0 0 0 0 0 0 0 
0    0 0 0 0 0 0 0 0 0 0 
0    0 0 0 0 0 0 0 0 0 0 
0    0 0 0 0 0 0 0 0 0 0 
