0.853    10509 2839 1779 0 0 0 0 0 0 0 
0.079947    8239 5109 1779 0 0 0 0 0 0 0 
0.001053    0 2270 2839 1779 0 0 0 0 0 0 
0.01098    6182 4327 2839 1779 0 0 0 0 0 0 
0.00692874    0 2057 5109 1779 0 0 0 0 0 0 
9.126e-05    0 0 2270 2839 1779 0 0 0 0 0 
0.001848    5962 7386 1779 0 0 0 0 0 0 0 
0.001236    0 4547 2839 1779 0 0 0 0 0 0 
5.32e-05    0 2286 6879 0 0 0 0 0 0 0 
2.0748e-05    0 0 5100 1779 0 0 0 0 0 0 
2.052e-06    0 0 2261 2839 1779 0 0 0 0 0 
0.000114492    0 2277 5109 1779 0 0 0 0 0 0 
1.508e-06    0 0 2270 2839 1779 0 0 0 0 0 
0.00019602    0 1784 7381 0 0 0 0 0 0 0 
0.00034236    0 0 5602 1779 0 0 0 0 0 0 
1.62e-06    0 0 2401 3201 1779 0 0 0 0 0 
0.0001692    0 1749 7416 0 0 0 0 0 0 0 
1.08e-05    0 0 5637 1779 0 0 0 0 0 0 
0.000715    5710 7638 1779 0 0 0 0 0 0 0 
0.00078    0 4799 2839 1779 0 0 0 0 0 0 
5.733e-05    0 3141 4497 1779 0 0 0 0 0 0 
7.67e-06    0 0 1658 2839 1779 0 0 0 0 0 
0.000399735    0 2529 5109 1779 0 0 0 0 0 0 
5.265e-06    0 0 2270 2839 1779 0 0 0 0 0 
9.075e-06    0 2036 7381 0 0 0 0 0 0 0 
1.585e-05    0 0 5602 1779 0 0 0 0 0 0 
7.5e-08    0 0 2401 3201 1779 0 0 0 0 0 
0.0002632    0 2001 7416 0 0 0 0 0 0 0 
1.68e-05    0 0 5637 1779 0 0 0 0 0 0 
0.00141685    0 1618 6020 1779 0 0 0 0 0 0 
2.795e-05    0 0 3181 2839 1779 0 0 0 0 0 
0.000618194    0 0 1523 4497 1779 0 0 0 0 0 
8.27062e-05    0 0 0 1658 2839 1779 0 0 0 0 
2.12205e-06    0 0 911 5109 1779 0 0 0 0 0 
2.795e-08    0 0 0 2270 2839 1779 0 0 0 0 
0.00048372    0 1484 7933 0 0 0 0 0 0 0 
3.19e-05    0 0 6154 1779 0 0 0 0 0 0 
2.726e-05    0 0 3315 2839 1779 0 0 0 0 0 
2.32e-05    0 0 2953 3201 1779 0 0 0 0 0 
1.22774e-05    0 0 1657 4497 1779 0 0 0 0 0 
1.64256e-06    0 0 0 1658 2839 1779 0 0 0 0 
0.00096    4459 8889 1779 0 0 0 0 0 0 0 
0.001152    0 6050 2839 1779 0 0 0 0 0 0 
0.00273773    0 4392 4497 1779 0 0 0 0 0 0 
0.000366272    0 0 1658 2839 1779 0 0 0 0 0 
0.000221088    0 3780 5109 1779 0 0 0 0 0 0 
2.912e-06    0 0 2270 2839 1779 0 0 0 0 0 
2.3232e-05    0 3287 7381 0 0 0 0 0 0 0 
4.0576e-05    0 0 5602 1779 0 0 0 0 0 0 
1.92e-07    0 0 2401 3201 1779 0 0 0 0 0 
0.00177472    0 3252 7416 0 0 0 0 0 0 0 
0.00011328    0 0 5637 1779 0 0 0 0 0 0 
0.00015816    0 2869 6020 1779 0 0 0 0 0 0 
3.12e-06    0 0 3181 2839 1779 0 0 0 0 0 
6.90077e-05    0 0 1523 4497 1779 0 0 0 0 0 
9.23232e-06    0 0 0 1658 2839 1779 0 0 0 0 
2.3688e-07    0 0 911 5109 1779 0 0 0 0 0 
3.12e-09    0 0 0 2270 2839 1779 0 0 0 0 
0.00073392    0 2735 7933 0 0 0 0 0 0 0 
4.84e-05    0 0 6154 1779 0 0 0 0 0 0 
4.136e-05    0 0 3315 2839 1779 0 0 0 0 0 
3.52e-05    0 0 2953 3201 1779 0 0 0 0 0 
1.86278e-05    0 0 1657 4497 1779 0 0 0 0 0 
2.49216e-06    0 0 0 1658 2839 1779 0 0 0 0 
1.008e-05    0 2409 8259 0 0 0 0 0 0 0 
7.84e-05    0 0 6480 1779 0 0 0 0 0 0 
4.48e-06    0 0 3641 2839 1779 0 0 0 0 0 
1.904e-05    0 0 3279 3201 1779 0 0 0 0 0 
4.8e-05    0 2124 3926 2839 1779 0 0 0 0 0 
0.00073216    0 2079 6810 1779 0 0 0 0 0 0 
3.5776e-05    0 0 3971 2839 1779 0 0 0 0 0 
5.06339e-05    0 0 2313 4497 1779 0 0 0 0 0 
6.77414e-06    0 0 0 1658 2839 1779 0 0 0 0 
2.46355e-06    0 0 1701 5109 1779 0 0 0 0 0 
3.2448e-08    0 0 0 2270 2839 1779 0 0 0 0 
2.74144e-06    0 0 790 6020 1779 0 0 0 0 0 
5.408e-08    0 0 0 3181 2839 1779 0 0 0 0 
1.19613e-06    0 0 0 1523 4497 1779 0 0 0 0 
1.60027e-07    0 0 0 0 1658 2839 1779 0 0 0 
4.10592e-09    0 0 0 911 5109 1779 0 0 0 0 
5.408e-11    0 0 0 0 2270 2839 1779 0 0 0 
6.832e-05    0 1723 4327 2839 1779 0 0 0 0 0 
4.31122e-05    0 0 2057 5109 1779 0 0 0 0 0 
5.6784e-07    0 0 0 2270 2839 1779 0 0 0 0 
0.00447194    0 1352 7537 1779 0 0 0 0 0 0 
0.00146042    0 0 3040 4497 1779 0 0 0 0 0 
0.000195385    0 0 0 1658 2839 1779 0 0 0 0 
7.02652e-05    0 0 1517 6020 1779 0 0 0 0 0 
1.38611e-06    0 0 0 3181 2839 1779 0 0 0 0 
3.06578e-05    0 0 0 1523 4497 1779 0 0 0 0 
4.10161e-06    0 0 0 0 1658 2839 1779 0 0 0 
1.05238e-07    0 0 0 911 5109 1779 0 0 0 0 
1.38611e-09    0 0 0 0 2270 2839 1779 0 0 0 
3.31162e-05    0 0 727 6810 1779 0 0 0 0 0 
1.61818e-06    0 0 0 3971 2839 1779 0 0 0 0 
2.29021e-06    0 0 0 2313 4497 1779 0 0 0 0 
3.064e-07    0 0 0 0 1658 2839 1779 0 0 0 
1.11428e-07    0 0 0 1701 5109 1779 0 0 0 0 
1.46765e-09    0 0 0 0 2270 2839 1779 0 0 0 
1.23997e-07    0 0 0 790 6020 1779 0 0 0 0 
2.44608e-09    0 0 0 0 3181 2839 1779 0 0 0 
5.4102e-08    0 0 0 0 1523 4497 1779 0 0 0 
7.23814e-09    0 0 0 0 0 0 1658 2839 1779 0 
1.85714e-10    0 0 0 0 911 5109 1779 0 0 0 
2.44608e-12    0 0 0 0 0 0 2270 2839 1779 0 
1.584e-06    0 1286 9382 0 0 0 0 0 0 0 
4.2864e-05    0 0 7603 1779 0 0 0 0 0 0 
1.69344e-06    0 0 3106 4497 1779 0 0 0 0 0 
2.2656e-07    0 0 0 1658 2839 1779 0 0 0 0 
4.512e-08    0 0 1966 7416 0 0 0 0 0 0 
2.88e-09    0 0 0 5637 1779 0 0 0 0 0 
1.1209e-06    0 0 1449 7933 0 0 0 0 0 0 
7.392e-08    0 0 0 6154 1779 0 0 0 0 0 
6.3168e-08    0 0 0 3315 2839 1779 0 0 0 0 
5.376e-08    0 0 0 2953 3201 1779 0 0 0 0 
2.84498e-08    0 0 0 1657 4497 1779 0 0 0 0 
3.80621e-09    0 0 0 0 1658 2839 1779 0 0 0 
2.16e-08    0 0 1123 8259 0 0 0 0 0 0 
1.68e-07    0 0 0 6480 1779 0 0 0 0 0 
9.6e-09    0 0 0 3641 2839 1779 0 0 0 0 
4.08e-08    0 0 0 3279 3201 1779 0 0 0 0 
6.864e-06    0 1251 7638 1779 0 0 0 0 0 0 
7.488e-06    0 0 4799 2839 1779 0 0 0 0 0 
5.50368e-07    0 0 3141 4497 1779 0 0 0 0 0 
7.3632e-08    0 0 0 1658 2839 1779 0 0 0 0 
3.83746e-06    0 0 2529 5109 1779 0 0 0 0 0 
5.0544e-08    0 0 0 2270 2839 1779 0 0 0 0 
8.712e-08    0 0 2036 7381 0 0 0 0 0 0 
1.5216e-07    0 0 0 5602 1779 0 0 0 0 0 
7.2e-10    0 0 0 2401 3201 1779 0 0 0 0 
2.52672e-06    0 0 2001 7416 0 0 0 0 0 0 
1.6128e-07    0 0 0 5637 1779 0 0 0 0 0 
1.36018e-05    0 0 1618 6020 1779 0 0 0 0 0 
2.6832e-07    0 0 0 3181 2839 1779 0 0 0 0 
5.93466e-06    0 0 0 1523 4497 1779 0 0 0 0 
7.9398e-07    0 0 0 0 1658 2839 1779 0 0 0 
2.03717e-08    0 0 0 911 5109 1779 0 0 0 0 
2.6832e-10    0 0 0 0 2270 2839 1779 0 0 0 
4.64371e-06    0 0 1484 7933 0 0 0 0 0 0 
3.0624e-07    0 0 0 6154 1779 0 0 0 0 0 
2.61696e-07    0 0 0 3315 2839 1779 0 0 0 0 
2.2272e-07    0 0 0 2953 3201 1779 0 0 0 0 
1.17863e-07    0 0 0 1657 4497 1779 0 0 0 0 
1.57686e-08    0 0 0 0 1658 2839 1779 0 0 0 
0.003054    4183 9165 1779 0 0 0 0 0 0 0 
0.000233046    0 3563 7381 0 0 0 0 0 0 0 
0.000407028    0 0 5602 1779 0 0 0 0 0 0 
1.926e-06    0 0 2401 3201 1779 0 0 0 0 0 
0.00120696    0 3528 7416 0 0 0 0 0 0 0 
7.704e-05    0 0 5637 1779 0 0 0 0 0 0 
7.128e-05    0 2685 8259 0 0 0 0 0 0 0 
0.0005544    0 0 6480 1779 0 0 0 0 0 0 
3.168e-05    0 0 3641 2839 1779 0 0 0 0 0 
0.00013464    0 0 3279 3201 1779 0 0 0 0 0 
0.000188034    0 1448 9496 0 0 0 0 0 0 0 
3.3966e-05    0 0 7717 1779 0 0 0 0 0 0 
0.006    4027 6482 2839 1779 0 0 0 0 0 0 
0.000389    3932 9416 1779 0 0 0 0 0 0 0 
0.000288    0 6577 2839 1779 0 0 0 0 0 0 
8.9082e-05    0 4919 4497 1779 0 0 0 0 0 0 
1.1918e-05    0 0 1658 2839 1779 0 0 0 0 0 
3.2307e-05    0 3814 7381 0 0 0 0 0 0 0 
5.6426e-05    0 0 5602 1779 0 0 0 0 0 0 
2.67e-07    0 0 2401 3201 1779 0 0 0 0 0 
5.8466e-05    0 1879 7537 1779 0 0 0 0 0 0 
1.90935e-05    0 0 3040 4497 1779 0 0 0 0 0 
2.55446e-06    0 0 0 1658 2839 1779 0 0 0 0 
9.18646e-07    0 0 1517 6020 1779 0 0 0 0 0 
1.8122e-08    0 0 0 3181 2839 1779 0 0 0 0 
4.0082e-07    0 0 0 1523 4497 1779 0 0 0 0 
5.36244e-08    0 0 0 0 1658 2839 1779 0 0 0 
1.37588e-09    0 0 0 911 5109 1779 0 0 0 0 
1.8122e-11    0 0 0 0 2270 2839 1779 0 0 0 
4.3296e-07    0 0 727 6810 1779 0 0 0 0 0 
2.1156e-08    0 0 0 3971 2839 1779 0 0 0 0 
2.99421e-08    0 0 0 2313 4497 1779 0 0 0 0 
4.00586e-09    0 0 0 0 1658 2839 1779 0 0 0 
1.45681e-09    0 0 0 1701 5109 1779 0 0 0 0 
1.9188e-11    0 0 0 0 2270 2839 1779 0 0 0 
1.62114e-09    0 0 0 790 6020 1779 0 0 0 0 
3.198e-11    0 0 0 0 3181 2839 1779 0 0 0 
7.07329e-10    0 0 0 0 1523 4497 1779 0 0 0 
9.46313e-11    0 0 0 0 0 0 1658 2839 1779 0 
2.42802e-12    0 0 0 0 911 5109 1779 0 0 0 
3.198e-14    0 0 0 0 0 0 2270 2839 1779 0 
2.754e-05    0 1399 9796 0 0 0 0 0 0 0 
2.1471e-05    0 0 8017 1779 0 0 0 0 0 0 
1.989e-06    0 0 4816 3201 1779 0 0 0 0 0 
0.002    3348 7161 2839 1779 0 0 0 0 0 0 
0.003772    3193 7316 2839 1779 0 0 0 0 0 0 
0.000225036    0 5046 5109 1779 0 0 0 0 0 0 
2.964e-06    0 0 2270 2839 1779 0 0 0 0 0 
0.003948    2975 5264 5109 1779 0 0 0 0 0 0 
5.2e-05    0 0 2270 2839 1779 0 0 0 0 0 
0    0 0 0 0 0 0 0 0 0 0 
0    0 0 0 0 0 0 0 0 0 0 
0    0 0 0 0 0 0 0 0 0 0 
0    0 0 0 0 0 0 0 0 0 0 
0    0 0 0 0 0 0 0 0 0 0 
0    0 0 0 0 0 0 0 0 0 0 
0    0 0 0 0 0 0 0 0 0 0 
0    0 0 0 0 0 0 0 0 0 0 
0    0 0 0 0 0 0 0 0 0 0 
0    0 0 0 0 0 0 0 0 0 0 
0    0 0 0 0 0 0 0 0 0 0 
0    0 0 0 0 0 0 0 0 0 0 
0    0 0 0 0 0 0 0 0 0 0 
0    0 0 0 0 0 0 0 0 0 0 
0    0 0 0 0 0 0 0 0 0 0 
0    0 0 0 0 0 0 0 0 0 0 
0    0 0 0 0 0 0 0 0 0 0 
0    0 0 0 0 0 0 0 0 0 0 
0    0 0 0 0 0 0 0 0 0 0 
0    0 0 0 0 0 0 0 0 0 0 
0    0 0 0 0 0 0 0 0 0 0 
0    0 0 0 0 0 0 0 0 0 0 
0    0 0 0 0 0 0 0 0 0 0 
0    0 0 0 0 0 0 0 0 0 0 
0    0 0 0 0 0 0 0 0 0 0 
0    0 0 0 0 0 0 0 0 0 0 
0    0 0 0 0 0 0 0 0 0 0 
0    0 0 0 0 0 0 0 0 0 0 
0    0 0 0 0 0 0 0 0 0 0 
0    0 0 0 0 0 0 0 0 0 0 
0    0 0 0 0 0 0 0 0 0 0 
0    0 0 0 0 0 0 0 0 0 0 
0    0 0 0 0 0 0 0 0 0 0 
0    0 0 0 0 0 0 0 0 0 0 
0    0 0 0 0 0 0 0 0 0 0 
0    0 0 0 0 0 0 0 0 0 0 
0    0 0 0 0 0 0 0 0 0 0 
0    0 0 0 0 0 0 0 0 0 0 
0    0 0 0 0 0 0 0 0 0 0 
0    0 0 0 0 0 0 0 0 0 0 
0    0 0 0 0 0 0 0 0 0 0 
0    0 0 0 0 0 0 0 0 0 0 
0    0 0 0 0 0 0 0 0 0 0 
0    0 0 0 0 0 0 0 0 0 0 
0    0 0 0 0 0 0 0 0 0 0 
0    0 0 0 0 0 0 0 0 0 0 
0    0 0 0 0 0 0 0 0 0 0 
0    0 0 0 0 0 0 0 0 0 0 
0    0 0 0 0 0 0 0 0 0 0 
0    0 0 0 0 0 0 0 0 0 0 
0    0 0 0 0 0 0 0 0 0 0 
0    0 0 0 0 0 0 0 0 0 0 
0    0 0 0 0 0 0 0 0 0 0 
0    0 0 0 0 0 0 0 0 0 0 
0    0 0 0 0 0 0 0 0 0 0 
0    0 0 0 0 0 0 0 0 0 0 
0    0 0 0 0 0 0 0 0 0 0 
0    0 0 0 0 0 0 0 0 0 0 
0    0 0 0 0 0 0 0 0 0 0 
0    0 0 0 0 0 0 0 0 0 0 
0    0 0 0 0 0 0 0 0 0 0 
0    0 0 0 0 0 0 0 0 0 0 
0    0 0 0 0 0 0 0 0 0 0 
0    0 0 0 0 0 0 0 0 0 0 
0    0 0 0 0 0 0 0 0 0 0 
0    0 0 0 0 0 0 0 0 0 0 
0    0 0 0 0 0 0 0 0 0 0 
0    0 0 0 0 0 0 0 0 0 0 
0    0 0 0 0 0 0 0 0 0 0 
0    0 0 0 0 0 0 0 0 0 0 
0    0 0 0 0 0 0 0 0 0 0 
0    0 0 0 0 0 0 0 0 0 0 
0    0 0 0 0 0 0 0 0 0 0 
0    0 0 0 0 0 0 0 0 0 0 
0    0 0 0 0 0 0 0 0 0 0 
0    0 0 0 0 0 0 0 0 0 0 
0    0 0 0 0 0 0 0 0 0 0 
0    0 0 0 0 0 0 0 0 0 0 
0    0 0 0 0 0 0 0 0 0 0 
0    0 0 0 0 0 0 0 0 0 0 
0    0 0 0 0 0 0 0 0 0 0 
0    0 0 0 0 0 0 0 0 0 0 
0    0 0 0 0 0 0 0 0 0 0 
0    0 0 0 0 0 0 0 0 0 0 
0    0 0 0 0 0 0 0 0 0 0 
0    0 0 0 0 0 0 0 0 0 0 
0    0 0 0 0 0 0 0 0 0 0 
0    0 0 0 0 0 0 0 0 0 0 
0    0 0 0 0 0 0 0 0 0 0 
0    0 0 0 0 0 0 0 0 0 0 
0    0 0 0 0 0 0 0 0 0 0 
0    0 0 0 0 0 0 0 0 0 0 
0    0 0 0 0 0 0 0 0 0 0 
0    0 0 0 0 0 0 0 0 0 0 
0    0 0 0 0 0 0 0 0 0 0 
0    0 0 0 0 0 0 0 0 0 0 
0    0 0 0 0 0 0 0 0 0 0 
0    0 0 0 0 0 0 0 0 0 0 
0    0 0 0 0 0 0 0 0 0 0 
0    0 0 0 0 0 0 0 0 0 0 
0    0 0 0 0 0 0 0 0 0 0 
0    0 0 0 0 0 0 0 0 0 0 
0    0 0 0 0 0 0 0 0 0 0 
0    0 0 0 0 0 0 0 0 0 0 
0    0 0 0 0 0 0 0 0 0 0 
0    0 0 0 0 0 0 0 0 0 0 
