0.381    10785 2839 1779 0 0 0 0 0 0 0 
0.07896    8515 5109 1779 0 0 0 0 0 0 0 
0.00104    0 2270 2839 1779 0 0 0 0 0 0 
0.152    6859 3926 2839 1779 0 0 0 0 0 0 
0.13908    6458 4327 2839 1779 0 0 0 0 0 0 
0.087764    0 2057 5109 1779 0 0 0 0 0 0 
0.00115596    0 0 2270 2839 1779 0 0 0 0 0 
0.012155    5986 7638 1779 0 0 0 0 0 0 0 
0.01326    0 4799 2839 1779 0 0 0 0 0 0 
0.00097461    0 3141 4497 1779 0 0 0 0 0 0 
0.00013039    0 0 1658 2839 1779 0 0 0 0 0 
0.0067955    0 2529 5109 1779 0 0 0 0 0 0 
8.9505e-05    0 0 2270 2839 1779 0 0 0 0 0 
0.000154275    0 2036 7381 0 0 0 0 0 0 0 
0.00026945    0 0 5602 1779 0 0 0 0 0 0 
1.275e-06    0 0 2401 3201 1779 0 0 0 0 0 
0.0044744    0 2001 7416 0 0 0 0 0 0 0 
0.0002856    0 0 5637 1779 0 0 0 0 0 0 
0.0240864    0 1618 6020 1779 0 0 0 0 0 0 
0.00047515    0 0 3181 2839 1779 0 0 0 0 0 
0.0105093    0 0 1523 4497 1779 0 0 0 0 0 
0.00140601    0 0 0 1658 2839 1779 0 0 0 0 
3.60748e-05    0 0 911 5109 1779 0 0 0 0 0 
4.7515e-07    0 0 0 2270 2839 1779 0 0 0 0 
0.00822324    0 1484 7933 0 0 0 0 0 0 0 
0.0005423    0 0 6154 1779 0 0 0 0 0 0 
0.00046342    0 0 3315 2839 1779 0 0 0 0 0 
0.0003944    0 0 2953 3201 1779 0 0 0 0 0 
0.000208716    0 0 1657 4497 1779 0 0 0 0 0 
2.79235e-05    0 0 0 1658 2839 1779 0 0 0 0 
0.0006    4735 8889 1779 0 0 0 0 0 0 0 
0.00072    0 6050 2839 1779 0 0 0 0 0 0 
0.00171108    0 4392 4497 1779 0 0 0 0 0 0 
0.00022892    0 0 1658 2839 1779 0 0 0 0 0 
0.00013818    0 3780 5109 1779 0 0 0 0 0 0 
1.82e-06    0 0 2270 2839 1779 0 0 0 0 0 
1.452e-05    0 3287 7381 0 0 0 0 0 0 0 
2.536e-05    0 0 5602 1779 0 0 0 0 0 0 
1.2e-07    0 0 2401 3201 1779 0 0 0 0 0 
0.0011092    0 3252 7416 0 0 0 0 0 0 0 
7.08e-05    0 0 5637 1779 0 0 0 0 0 0 
9.885e-05    0 2869 6020 1779 0 0 0 0 0 0 
1.95e-06    0 0 3181 2839 1779 0 0 0 0 0 
4.31298e-05    0 0 1523 4497 1779 0 0 0 0 0 
5.7702e-06    0 0 0 1658 2839 1779 0 0 0 0 
1.4805e-07    0 0 911 5109 1779 0 0 0 0 0 
1.95e-09    0 0 0 2270 2839 1779 0 0 0 0 
0.0004587    0 2735 7933 0 0 0 0 0 0 0 
3.025e-05    0 0 6154 1779 0 0 0 0 0 0 
2.585e-05    0 0 3315 2839 1779 0 0 0 0 0 
2.2e-05    0 0 2953 3201 1779 0 0 0 0 0 
1.16424e-05    0 0 1657 4497 1779 0 0 0 0 0 
1.5576e-06    0 0 0 1658 2839 1779 0 0 0 0 
6.3e-06    0 2409 8259 0 0 0 0 0 0 0 
4.9e-05    0 0 6480 1779 0 0 0 0 0 0 
2.8e-06    0 0 3641 2839 1779 0 0 0 0 0 
1.19e-05    0 0 3279 3201 1779 0 0 0 0 0 
3e-05    0 2124 3926 2839 1779 0 0 0 0 0 
0.0004576    0 2079 6810 1779 0 0 0 0 0 0 
2.236e-05    0 0 3971 2839 1779 0 0 0 0 0 
3.16462e-05    0 0 2313 4497 1779 0 0 0 0 0 
4.23384e-06    0 0 0 1658 2839 1779 0 0 0 0 
1.53972e-06    0 0 1701 5109 1779 0 0 0 0 0 
2.028e-08    0 0 0 2270 2839 1779 0 0 0 0 
1.7134e-06    0 0 790 6020 1779 0 0 0 0 0 
3.38e-08    0 0 0 3181 2839 1779 0 0 0 0 
7.47583e-07    0 0 0 1523 4497 1779 0 0 0 0 
1.00017e-07    0 0 0 0 1658 2839 1779 0 0 0 
2.5662e-09    0 0 0 911 5109 1779 0 0 0 0 
3.38e-11    0 0 0 0 2270 2839 1779 0 0 0 
4.27e-05    0 1723 4327 2839 1779 0 0 0 0 0 
2.69451e-05    0 0 2057 5109 1779 0 0 0 0 0 
3.549e-07    0 0 0 2270 2839 1779 0 0 0 0 
0.00279496    0 1352 7537 1779 0 0 0 0 0 0 
0.000912764    0 0 3040 4497 1779 0 0 0 0 0 
0.000122116    0 0 0 1658 2839 1779 0 0 0 0 
4.39158e-05    0 0 1517 6020 1779 0 0 0 0 0 
8.6632e-07    0 0 0 3181 2839 1779 0 0 0 0 
1.91611e-05    0 0 0 1523 4497 1779 0 0 0 0 
2.56351e-06    0 0 0 0 1658 2839 1779 0 0 0 
6.57737e-08    0 0 0 911 5109 1779 0 0 0 0 
8.6632e-10    0 0 0 0 2270 2839 1779 0 0 0 
2.06976e-05    0 0 727 6810 1779 0 0 0 0 0 
1.01136e-06    0 0 0 3971 2839 1779 0 0 0 0 
1.43138e-06    0 0 0 2313 4497 1779 0 0 0 0 
1.915e-07    0 0 0 0 1658 2839 1779 0 0 0 
6.96427e-08    0 0 0 1701 5109 1779 0 0 0 0 
9.1728e-10    0 0 0 0 2270 2839 1779 0 0 0 
7.74984e-08    0 0 0 790 6020 1779 0 0 0 0 
1.5288e-09    0 0 0 0 3181 2839 1779 0 0 0 
3.38138e-08    0 0 0 0 1523 4497 1779 0 0 0 
4.52384e-09    0 0 0 0 0 1658 2839 1779 0 0 
1.16071e-10    0 0 0 0 911 5109 1779 0 0 0 
1.5288e-12    0 0 0 0 0 2270 2839 1779 0 0 
9.9e-07    0 1286 9382 0 0 0 0 0 0 0 
2.679e-05    0 0 7603 1779 0 0 0 0 0 0 
1.0584e-06    0 0 3106 4497 1779 0 0 0 0 0 
1.416e-07    0 0 0 1658 2839 1779 0 0 0 0 
2.82e-08    0 0 1966 7416 0 0 0 0 0 0 
1.8e-09    0 0 0 5637 1779 0 0 0 0 0 
7.0056e-07    0 0 1449 7933 0 0 0 0 0 0 
4.62e-08    0 0 0 6154 1779 0 0 0 0 0 
3.948e-08    0 0 0 3315 2839 1779 0 0 0 0 
3.36e-08    0 0 0 2953 3201 1779 0 0 0 0 
1.77811e-08    0 0 0 1657 4497 1779 0 0 0 0 
2.37888e-09    0 0 0 0 1658 2839 1779 0 0 0 
1.35e-08    0 0 1123 8259 0 0 0 0 0 0 
1.05e-07    0 0 0 6480 1779 0 0 0 0 0 
6e-09    0 0 0 3641 2839 1779 0 0 0 0 
2.55e-08    0 0 0 3279 3201 1779 0 0 0 0 
4.29e-06    0 1251 7638 1779 0 0 0 0 0 0 
4.68e-06    0 0 4799 2839 1779 0 0 0 0 0 
3.4398e-07    0 0 3141 4497 1779 0 0 0 0 0 
4.602e-08    0 0 0 1658 2839 1779 0 0 0 0 
2.39841e-06    0 0 2529 5109 1779 0 0 0 0 0 
3.159e-08    0 0 0 2270 2839 1779 0 0 0 0 
5.445e-08    0 0 2036 7381 0 0 0 0 0 0 
9.51e-08    0 0 0 5602 1779 0 0 0 0 0 
4.5e-10    0 0 0 2401 3201 1779 0 0 0 0 
1.5792e-06    0 0 2001 7416 0 0 0 0 0 0 
1.008e-07    0 0 0 5637 1779 0 0 0 0 0 
8.5011e-06    0 0 1618 6020 1779 0 0 0 0 0 
1.677e-07    0 0 0 3181 2839 1779 0 0 0 0 
3.70916e-06    0 0 0 1523 4497 1779 0 0 0 0 
4.96237e-07    0 0 0 0 1658 2839 1779 0 0 0 
1.27323e-08    0 0 0 911 5109 1779 0 0 0 0 
1.677e-10    0 0 0 0 2270 2839 1779 0 0 0 
2.90232e-06    0 0 1484 7933 0 0 0 0 0 0 
1.914e-07    0 0 0 6154 1779 0 0 0 0 0 
1.6356e-07    0 0 0 3315 2839 1779 0 0 0 0 
1.392e-07    0 0 0 2953 3201 1779 0 0 0 0 
7.36646e-08    0 0 0 1657 4497 1779 0 0 0 0 
9.85536e-09    0 0 0 0 1658 2839 1779 0 0 0 
0.003762    3893 6892 2839 1779 0 0 0 0 0 0 
0.010322    0 4622 5109 1779 0 0 0 0 0 0 
0.000135954    0 0 2270 2839 1779 0 0 0 0 0 
0.00173804    0 2345 7386 1779 0 0 0 0 0 0 
0.00116246    0 0 4547 2839 1779 0 0 0 0 0 
5.00346e-05    0 0 2286 6879 0 0 0 0 0 0 
1.95135e-05    0 0 0 5100 1779 0 0 0 0 0 
1.92991e-06    0 0 0 2261 2839 1779 0 0 0 0 
0.00010768    0 0 2277 5109 1779 0 0 0 0 0 
1.41827e-06    0 0 0 2270 2839 1779 0 0 0 0 
0.000184357    0 0 1784 7381 0 0 0 0 0 0 
0.00032199    0 0 0 5602 1779 0 0 0 0 0 
1.52361e-06    0 0 0 2401 3201 1779 0 0 0 0 
0.000159133    0 0 1749 7416 0 0 0 0 0 0 
1.01574e-05    0 0 0 5637 1779 0 0 0 0 0 
0.00175    3826 3033 3926 2839 1779 0 0 0 0 0 
0.002325    0 1875 7923 1779 0 0 0 0 0 0 
0.0034875    0 0 5084 2839 1779 0 0 0 0 0 
0.00374325    0 0 2823 6879 0 0 0 0 0 0 
0.00145987    0 0 0 5100 1779 0 0 0 0 0 
0.000144383    0 0 0 2261 2839 1779 0 0 0 0 
0.00160634    0 0 2814 5109 1779 0 0 0 0 0 
2.11575e-05    0 0 0 2270 2839 1779 0 0 0 0 
0.00178909    0 0 1289 6634 1779 0 0 0 0 0 
0.00029295    0 0 0 3795 2839 1779 0 0 0 0 
0.00586632    0 0 0 1534 6879 0 0 0 0 0 
0.00228787    0 0 0 0 5100 1779 0 0 0 0 
0.000226272    0 0 0 0 2261 2839 1779 0 0 0 
0.00018    3502 10122 1779 0 0 0 0 0 0 0 
0.00657    0 7283 2839 1779 0 0 0 0 0 0 
0.00015876    0 5625 4497 1779 0 0 0 0 0 0 
2.124e-05    0 0 1658 2839 1779 0 0 0 0 0 
0.00115479    0 5013 5109 1779 0 0 0 0 0 0 
1.521e-05    0 0 2270 2839 1779 0 0 0 0 0 
0.0004752    0 3312 6810 1779 0 0 0 0 0 0 
2.322e-05    0 0 3971 2839 1779 0 0 0 0 0 
3.28633e-05    0 0 2313 4497 1779 0 0 0 0 0 
4.39668e-06    0 0 0 1658 2839 1779 0 0 0 0 
1.59894e-06    0 0 1701 5109 1779 0 0 0 0 0 
2.106e-08    0 0 0 2270 2839 1779 0 0 0 0 
1.7793e-06    0 0 790 6020 1779 0 0 0 0 0 
3.51e-08    0 0 0 3181 2839 1779 0 0 0 0 
7.76336e-07    0 0 0 1523 4497 1779 0 0 0 0 
1.03864e-07    0 0 0 0 1658 2839 1779 0 0 0 
2.6649e-09    0 0 0 911 5109 1779 0 0 0 0 
3.51e-11    0 0 0 0 2270 2839 1779 0 0 0 
2.574e-05    0 2484 7638 1779 0 0 0 0 0 0 
2.808e-05    0 0 4799 2839 1779 0 0 0 0 0 
2.06388e-06    0 0 3141 4497 1779 0 0 0 0 0 
2.7612e-07    0 0 0 1658 2839 1779 0 0 0 0 
1.43905e-05    0 0 2529 5109 1779 0 0 0 0 0 
1.8954e-07    0 0 0 2270 2839 1779 0 0 0 0 
3.267e-07    0 0 2036 7381 0 0 0 0 0 0 
5.706e-07    0 0 0 5602 1779 0 0 0 0 0 
2.7e-09    0 0 0 2401 3201 1779 0 0 0 0 
9.4752e-06    0 0 2001 7416 0 0 0 0 0 0 
6.048e-07    0 0 0 5637 1779 0 0 0 0 0 
5.10066e-05    0 0 1618 6020 1779 0 0 0 0 0 
1.0062e-06    0 0 0 3181 2839 1779 0 0 0 0 
2.2255e-05    0 0 0 1523 4497 1779 0 0 0 0 
2.97742e-06    0 0 0 0 1658 2839 1779 0 0 0 
7.63938e-08    0 0 0 911 5109 1779 0 0 0 0 
1.0062e-09    0 0 0 0 2270 2839 1779 0 0 0 
1.74139e-05    0 0 1484 7933 0 0 0 0 0 0 
1.1484e-06    0 0 0 6154 1779 0 0 0 0 0 
9.8136e-07    0 0 0 3315 2839 1779 0 0 0 0 
8.352e-07    0 0 0 2953 3201 1779 0 0 0 0 
4.41988e-07    0 0 0 1657 4497 1779 0 0 0 0 
5.91322e-08    0 0 0 0 1658 2839 1779 0 0 0 
7.2e-05    0 1590 8532 1779 0 0 0 0 0 0 
9e-05    0 0 5693 2839 1779 0 0 0 0 0 
1.5876e-05    0 0 4035 4497 1779 0 0 0 0 0 
2.124e-06    0 0 0 1658 2839 1779 0 0 0 0 
0.00024    3426 10198 1779 0 0 0 0 0 0 0 
0.00876    0 7359 2839 1779 0 0 0 0 0 0 
0.00021168    0 5701 4497 1779 0 0 0 0 0 0 
2.832e-05    0 0 1658 2839 1779 0 0 0 0 0 
0.00153972    0 5089 5109 1779 0 0 0 0 0 0 
2.028e-05    0 0 2270 2839 1779 0 0 0 0 0 
0.0006336    0 3388 6810 1779 0 0 0 0 0 0 
3.096e-05    0 0 3971 2839 1779 0 0 0 0 0 
4.38178e-05    0 0 2313 4497 1779 0 0 0 0 0 
5.86224e-06    0 0 0 1658 2839 1779 0 0 0 0 
2.13192e-06    0 0 1701 5109 1779 0 0 0 0 0 
2.808e-08    0 0 0 2270 2839 1779 0 0 0 0 
2.3724e-06    0 0 790 6020 1779 0 0 0 0 0 
4.68e-08    0 0 0 3181 2839 1779 0 0 0 0 
1.03512e-06    0 0 0 1523 4497 1779 0 0 0 0 
1.38485e-07    0 0 0 0 1658 2839 1779 0 0 0 
3.5532e-09    0 0 0 911 5109 1779 0 0 0 0 
4.68e-11    0 0 0 0 2270 2839 1779 0 0 0 
3.432e-05    0 2560 7638 1779 0 0 0 0 0 0 
3.744e-05    0 0 4799 2839 1779 0 0 0 0 0 
2.75184e-06    0 0 3141 4497 1779 0 0 0 0 0 
3.6816e-07    0 0 0 1658 2839 1779 0 0 0 0 
1.91873e-05    0 0 2529 5109 1779 0 0 0 0 0 
2.5272e-07    0 0 0 2270 2839 1779 0 0 0 0 
4.356e-07    0 0 2036 7381 0 0 0 0 0 0 
7.608e-07    0 0 0 5602 1779 0 0 0 0 0 
3.6e-09    0 0 0 2401 3201 1779 0 0 0 0 
1.26336e-05    0 0 2001 7416 0 0 0 0 0 0 
8.064e-07    0 0 0 5637 1779 0 0 0 0 0 
6.80088e-05    0 0 1618 6020 1779 0 0 0 0 0 
1.3416e-06    0 0 0 3181 2839 1779 0 0 0 0 
2.96733e-05    0 0 0 1523 4497 1779 0 0 0 0 
3.9699e-06    0 0 0 0 1658 2839 1779 0 0 0 
1.01858e-07    0 0 0 911 5109 1779 0 0 0 0 
1.3416e-09    0 0 0 0 2270 2839 1779 0 0 0 
2.32186e-05    0 0 1484 7933 0 0 0 0 0 0 
1.5312e-06    0 0 0 6154 1779 0 0 0 0 0 
1.30848e-06    0 0 0 3315 2839 1779 0 0 0 0 
1.1136e-06    0 0 0 2953 3201 1779 0 0 0 0 
5.89317e-07    0 0 0 1657 4497 1779 0 0 0 0 
7.88429e-08    0 0 0 0 1658 2839 1779 0 0 0 
9.6e-05    0 1666 8532 1779 0 0 0 0 0 0 
0.00012    0 0 5693 2839 1779 0 0 0 0 0 
2.1168e-05    0 0 4035 4497 1779 0 0 0 0 0 
2.832e-06    0 0 0 1658 2839 1779 0 0 0 0 
0    0 0 0 0 0 0 0 0 0 0 
0    0 0 0 0 0 0 0 0 0 0 
0    0 0 0 0 0 0 0 0 0 0 
0    0 0 0 0 0 0 0 0 0 0 
0    0 0 0 0 0 0 0 0 0 0 
0    0 0 0 0 0 0 0 0 0 0 
0    0 0 0 0 0 0 0 0 0 0 
0    0 0 0 0 0 0 0 0 0 0 
0    0 0 0 0 0 0 0 0 0 0 
0    0 0 0 0 0 0 0 0 0 0 
0    0 0 0 0 0 0 0 0 0 0 
0    0 0 0 0 0 0 0 0 0 0 
0    0 0 0 0 0 0 0 0 0 0 
0    0 0 0 0 0 0 0 0 0 0 
0    0 0 0 0 0 0 0 0 0 0 
0    0 0 0 0 0 0 0 0 0 0 
0    0 0 0 0 0 0 0 0 0 0 
0    0 0 0 0 0 0 0 0 0 0 
0    0 0 0 0 0 0 0 0 0 0 
0    0 0 0 0 0 0 0 0 0 0 
0    0 0 0 0 0 0 0 0 0 0 
0    0 0 0 0 0 0 0 0 0 0 
0    0 0 0 0 0 0 0 0 0 0 
0    0 0 0 0 0 0 0 0 0 0 
0    0 0 0 0 0 0 0 0 0 0 
0    0 0 0 0 0 0 0 0 0 0 
0    0 0 0 0 0 0 0 0 0 0 
0    0 0 0 0 0 0 0 0 0 0 
0    0 0 0 0 0 0 0 0 0 0 
0    0 0 0 0 0 0 0 0 0 0 
0    0 0 0 0 0 0 0 0 0 0 
0    0 0 0 0 0 0 0 0 0 0 
0    0 0 0 0 0 0 0 0 0 0 
0    0 0 0 0 0 0 0 0 0 0 
0    0 0 0 0 0 0 0 0 0 0 
0    0 0 0 0 0 0 0 0 0 0 
0    0 0 0 0 0 0 0 0 0 0 
0    0 0 0 0 0 0 0 0 0 0 
0    0 0 0 0 0 0 0 0 0 0 
0    0 0 0 0 0 0 0 0 0 0 
0    0 0 0 0 0 0 0 0 0 0 
0    0 0 0 0 0 0 0 0 0 0 
0    0 0 0 0 0 0 0 0 0 0 
0    0 0 0 0 0 0 0 0 0 0 
0    0 0 0 0 0 0 0 0 0 0 
0    0 0 0 0 0 0 0 0 0 0 
0    0 0 0 0 0 0 0 0 0 0 
0    0 0 0 0 0 0 0 0 0 0 
0    0 0 0 0 0 0 0 0 0 0 
