0.75    10762 1779 0 0 0 0 0 0 0 0 
0.049    7923 2839 1779 0 0 0 0 0 0 0 
0.021168    6265 4497 1779 0 0 0 0 0 0 0 
0.002832    0 1658 2839 1779 0 0 0 0 0 0 
0.0042    5662 6879 0 0 0 0 0 0 0 0 
0.001638    0 5100 1779 0 0 0 0 0 0 0 
0.000162    0 2261 2839 1779 0 0 0 0 0 0 
0.002961    5653 5109 1779 0 0 0 0 0 0 0 
3.9e-05    0 2270 2839 1779 0 0 0 0 0 0 
0.063923    4742 6020 1779 0 0 0 0 0 0 0 
0.001261    0 3181 2839 1779 0 0 0 0 0 0 
0.0278906    0 1523 4497 1779 0 0 0 0 0 0 
0.0037314    0 0 1658 2839 1779 0 0 0 0 0 
9.5739e-05    0 911 5109 1779 0 0 0 0 0 0 
1.261e-06    0 0 2270 2839 1779 0 0 0 0 0 
0.035028    4608 7933 0 0 0 0 0 0 0 0 
0.00231    0 6154 1779 0 0 0 0 0 0 0 
0.001974    0 3315 2839 1779 0 0 0 0 0 0 
0.00168    0 2953 3201 1779 0 0 0 0 0 0 
0.000889056    0 1657 4497 1779 0 0 0 0 0 0 
0.000118944    0 0 1658 2839 1779 0 0 0 0 0 
0.00264    3952 6810 1779 0 0 0 0 0 0 0 
0.000129    0 3971 2839 1779 0 0 0 0 0 0 
0.000182574    0 2313 4497 1779 0 0 0 0 0 0 
2.4426e-05    0 0 1658 2839 1779 0 0 0 0 0 
8.883e-06    0 1701 5109 1779 0 0 0 0 0 0 
1.17e-07    0 0 2270 2839 1779 0 0 0 0 0 
9.885e-06    0 790 6020 1779 0 0 0 0 0 0 
1.95e-07    0 0 3181 2839 1779 0 0 0 0 0 
4.31298e-06    0 0 1523 4497 1779 0 0 0 0 0 
5.7702e-07    0 0 0 1658 2839 1779 0 0 0 0 
1.4805e-08    0 0 911 5109 1779 0 0 0 0 0 
1.95e-10    0 0 0 2270 2839 1779 0 0 0 0 
0.001848    3376 7386 1779 0 0 0 0 0 0 0 
0.001236    0 4547 2839 1779 0 0 0 0 0 0 
5.32e-05    0 2286 6879 0 0 0 0 0 0 0 
2.0748e-05    0 0 5100 1779 0 0 0 0 0 0 
2.052e-06    0 0 2261 2839 1779 0 0 0 0 0 
0.000114492    0 2277 5109 1779 0 0 0 0 0 0 
1.508e-06    0 0 2270 2839 1779 0 0 0 0 0 
0.00019602    0 1784 7381 0 0 0 0 0 0 0 
0.00034236    0 0 5602 1779 0 0 0 0 0 0 
1.62e-06    0 0 2401 3201 1779 0 0 0 0 0 
0.0001692    0 1749 7416 0 0 0 0 0 0 0 
1.08e-05    0 0 5637 1779 0 0 0 0 0 0 
0.001287    3124 7638 1779 0 0 0 0 0 0 0 
0.001404    0 4799 2839 1779 0 0 0 0 0 0 
0.000103194    0 3141 4497 1779 0 0 0 0 0 0 
1.3806e-05    0 0 1658 2839 1779 0 0 0 0 0 
0.000719523    0 2529 5109 1779 0 0 0 0 0 0 
9.477e-06    0 0 2270 2839 1779 0 0 0 0 0 
1.6335e-05    0 2036 7381 0 0 0 0 0 0 0 
2.853e-05    0 0 5602 1779 0 0 0 0 0 0 
1.35e-07    0 0 2401 3201 1779 0 0 0 0 0 
0.00047376    0 2001 7416 0 0 0 0 0 0 0 
3.024e-05    0 0 5637 1779 0 0 0 0 0 0 
0.00255033    0 1618 6020 1779 0 0 0 0 0 0 
5.031e-05    0 0 3181 2839 1779 0 0 0 0 0 
0.00111275    0 0 1523 4497 1779 0 0 0 0 0 
0.000148871    0 0 0 1658 2839 1779 0 0 0 0 
3.81969e-06    0 0 911 5109 1779 0 0 0 0 0 
5.031e-08    0 0 0 2270 2839 1779 0 0 0 0 
0.000870696    0 1484 7933 0 0 0 0 0 0 0 
5.742e-05    0 0 6154 1779 0 0 0 0 0 0 
4.9068e-05    0 0 3315 2839 1779 0 0 0 0 0 
4.176e-05    0 0 2953 3201 1779 0 0 0 0 0 
2.20994e-05    0 0 1657 4497 1779 0 0 0 0 0 
2.95661e-06    0 0 0 1658 2839 1779 0 0 0 0 
0.011102    3061 9480 0 0 0 0 0 0 0 0 
0.000338    0 7701 1779 0 0 0 0 0 0 0 
0.000832    0 4862 2839 1779 0 0 0 0 0 0 
0.000585    0 4500 3201 1779 0 0 0 0 0 0 
2.8314e-05    0 2099 7381 0 0 0 0 0 0 0 
4.9452e-05    0 0 5602 1779 0 0 0 0 0 0 
2.34e-07    0 0 2401 3201 1779 0 0 0 0 0 
6.11e-05    0 2064 7416 0 0 0 0 0 0 0 
3.9e-06    0 0 5637 1779 0 0 0 0 0 0 
0    0 0 0 0 0 0 0 0 0 0 
0    0 0 0 0 0 0 0 0 0 0 
0    0 0 0 0 0 0 0 0 0 0 
0    0 0 0 0 0 0 0 0 0 0 
0    0 0 0 0 0 0 0 0 0 0 
0    0 0 0 0 0 0 0 0 0 0 
0    0 0 0 0 0 0 0 0 0 0 
0    0 0 0 0 0 0 0 0 0 0 
0    0 0 0 0 0 0 0 0 0 0 
0    0 0 0 0 0 0 0 0 0 0 
0    0 0 0 0 0 0 0 0 0 0 
0    0 0 0 0 0 0 0 0 0 0 
0    0 0 0 0 0 0 0 0 0 0 
0    0 0 0 0 0 0 0 0 0 0 
0    0 0 0 0 0 0 0 0 0 0 
0    0 0 0 0 0 0 0 0 0 0 
0    0 0 0 0 0 0 0 0 0 0 
0    0 0 0 0 0 0 0 0 0 0 
0    0 0 0 0 0 0 0 0 0 0 
0    0 0 0 0 0 0 0 0 0 0 
0    0 0 0 0 0 0 0 0 0 0 
0    0 0 0 0 0 0 0 0 0 0 
0    0 0 0 0 0 0 0 0 0 0 
0    0 0 0 0 0 0 0 0 0 0 
0    0 0 0 0 0 0 0 0 0 0 
0    0 0 0 0 0 0 0 0 0 0 
0    0 0 0 0 0 0 0 0 0 0 
0    0 0 0 0 0 0 0 0 0 0 
0    0 0 0 0 0 0 0 0 0 0 
0    0 0 0 0 0 0 0 0 0 0 
0    0 0 0 0 0 0 0 0 0 0 
0    0 0 0 0 0 0 0 0 0 0 
0    0 0 0 0 0 0 0 0 0 0 
0    0 0 0 0 0 0 0 0 0 0 
0    0 0 0 0 0 0 0 0 0 0 
0    0 0 0 0 0 0 0 0 0 0 
0    0 0 0 0 0 0 0 0 0 0 
0    0 0 0 0 0 0 0 0 0 0 
0    0 0 0 0 0 0 0 0 0 0 
0    0 0 0 0 0 0 0 0 0 0 
0    0 0 0 0 0 0 0 0 0 0 
0    0 0 0 0 0 0 0 0 0 0 
0    0 0 0 0 0 0 0 0 0 0 
0    0 0 0 0 0 0 0 0 0 0 
0    0 0 0 0 0 0 0 0 0 0 
0    0 0 0 0 0 0 0 0 0 0 
0    0 0 0 0 0 0 0 0 0 0 
0    0 0 0 0 0 0 0 0 0 0 
0    0 0 0 0 0 0 0 0 0 0 
0    0 0 0 0 0 0 0 0 0 0 
0    0 0 0 0 0 0 0 0 0 0 
0    0 0 0 0 0 0 0 0 0 0 
0    0 0 0 0 0 0 0 0 0 0 
0    0 0 0 0 0 0 0 0 0 0 
0    0 0 0 0 0 0 0 0 0 0 
0    0 0 0 0 0 0 0 0 0 0 
0    0 0 0 0 0 0 0 0 0 0 
0    0 0 0 0 0 0 0 0 0 0 
0    0 0 0 0 0 0 0 0 0 0 
0    0 0 0 0 0 0 0 0 0 0 
0    0 0 0 0 0 0 0 0 0 0 
0    0 0 0 0 0 0 0 0 0 0 
0    0 0 0 0 0 0 0 0 0 0 
0    0 0 0 0 0 0 0 0 0 0 
0    0 0 0 0 0 0 0 0 0 0 
0    0 0 0 0 0 0 0 0 0 0 
0    0 0 0 0 0 0 0 0 0 0 
0    0 0 0 0 0 0 0 0 0 0 
0    0 0 0 0 0 0 0 0 0 0 
0    0 0 0 0 0 0 0 0 0 0 
0    0 0 0 0 0 0 0 0 0 0 
0    0 0 0 0 0 0 0 0 0 0 
0    0 0 0 0 0 0 0 0 0 0 
0    0 0 0 0 0 0 0 0 0 0 
0    0 0 0 0 0 0 0 0 0 0 
0    0 0 0 0 0 0 0 0 0 0 
0    0 0 0 0 0 0 0 0 0 0 
0    0 0 0 0 0 0 0 0 0 0 
0    0 0 0 0 0 0 0 0 0 0 
0    0 0 0 0 0 0 0 0 0 0 
0    0 0 0 0 0 0 0 0 0 0 
0    0 0 0 0 0 0 0 0 0 0 
0    0 0 0 0 0 0 0 0 0 0 
0    0 0 0 0 0 0 0 0 0 0 
0    0 0 0 0 0 0 0 0 0 0 
0    0 0 0 0 0 0 0 0 0 0 
0    0 0 0 0 0 0 0 0 0 0 
0    0 0 0 0 0 0 0 0 0 0 
0    0 0 0 0 0 0 0 0 0 0 
0    0 0 0 0 0 0 0 0 0 0 
0    0 0 0 0 0 0 0 0 0 0 
0    0 0 0 0 0 0 0 0 0 0 
0    0 0 0 0 0 0 0 0 0 0 
0    0 0 0 0 0 0 0 0 0 0 
0    0 0 0 0 0 0 0 0 0 0 
0    0 0 0 0 0 0 0 0 0 0 
0    0 0 0 0 0 0 0 0 0 0 
0    0 0 0 0 0 0 0 0 0 0 
0    0 0 0 0 0 0 0 0 0 0 
0    0 0 0 0 0 0 0 0 0 0 
0    0 0 0 0 0 0 0 0 0 0 
0    0 0 0 0 0 0 0 0 0 0 
0    0 0 0 0 0 0 0 0 0 0 
0    0 0 0 0 0 0 0 0 0 0 
0    0 0 0 0 0 0 0 0 0 0 
0    0 0 0 0 0 0 0 0 0 0 
0    0 0 0 0 0 0 0 0 0 0 
0    0 0 0 0 0 0 0 0 0 0 
0    0 0 0 0 0 0 0 0 0 0 
0    0 0 0 0 0 0 0 0 0 0 
0    0 0 0 0 0 0 0 0 0 0 
0    0 0 0 0 0 0 0 0 0 0 
0    0 0 0 0 0 0 0 0 0 0 
0    0 0 0 0 0 0 0 0 0 0 
0    0 0 0 0 0 0 0 0 0 0 
0    0 0 0 0 0 0 0 0 0 0 
0    0 0 0 0 0 0 0 0 0 0 
0    0 0 0 0 0 0 0 0 0 0 
0    0 0 0 0 0 0 0 0 0 0 
0    0 0 0 0 0 0 0 0 0 0 
0    0 0 0 0 0 0 0 0 0 0 
0    0 0 0 0 0 0 0 0 0 0 
0    0 0 0 0 0 0 0 0 0 0 
0    0 0 0 0 0 0 0 0 0 0 
0    0 0 0 0 0 0 0 0 0 0 
0    0 0 0 0 0 0 0 0 0 0 
0    0 0 0 0 0 0 0 0 0 0 
0    0 0 0 0 0 0 0 0 0 0 
0    0 0 0 0 0 0 0 0 0 0 
0    0 0 0 0 0 0 0 0 0 0 
0    0 0 0 0 0 0 0 0 0 0 
0    0 0 0 0 0 0 0 0 0 0 
0    0 0 0 0 0 0 0 0 0 0 
0    0 0 0 0 0 0 0 0 0 0 
0    0 0 0 0 0 0 0 0 0 0 
0    0 0 0 0 0 0 0 0 0 0 
0    0 0 0 0 0 0 0 0 0 0 
0    0 0 0 0 0 0 0 0 0 0 
0    0 0 0 0 0 0 0 0 0 0 
0    0 0 0 0 0 0 0 0 0 0 
0    0 0 0 0 0 0 0 0 0 0 
0    0 0 0 0 0 0 0 0 0 0 
0    0 0 0 0 0 0 0 0 0 0 
0    0 0 0 0 0 0 0 0 0 0 
0    0 0 0 0 0 0 0 0 0 0 
0    0 0 0 0 0 0 0 0 0 0 
0    0 0 0 0 0 0 0 0 0 0 
0    0 0 0 0 0 0 0 0 0 0 
0    0 0 0 0 0 0 0 0 0 0 
0    0 0 0 0 0 0 0 0 0 0 
0    0 0 0 0 0 0 0 0 0 0 
0    0 0 0 0 0 0 0 0 0 0 
0    0 0 0 0 0 0 0 0 0 0 
0    0 0 0 0 0 0 0 0 0 0 
0    0 0 0 0 0 0 0 0 0 0 
0    0 0 0 0 0 0 0 0 0 0 
0    0 0 0 0 0 0 0 0 0 0 
0    0 0 0 0 0 0 0 0 0 0 
0    0 0 0 0 0 0 0 0 0 0 
0    0 0 0 0 0 0 0 0 0 0 
0    0 0 0 0 0 0 0 0 0 0 
0    0 0 0 0 0 0 0 0 0 0 
0    0 0 0 0 0 0 0 0 0 0 
0    0 0 0 0 0 0 0 0 0 0 
0    0 0 0 0 0 0 0 0 0 0 
0    0 0 0 0 0 0 0 0 0 0 
0    0 0 0 0 0 0 0 0 0 0 
0    0 0 0 0 0 0 0 0 0 0 
0    0 0 0 0 0 0 0 0 0 0 
0    0 0 0 0 0 0 0 0 0 0 
0    0 0 0 0 0 0 0 0 0 0 
0    0 0 0 0 0 0 0 0 0 0 
0    0 0 0 0 0 0 0 0 0 0 
0    0 0 0 0 0 0 0 0 0 0 
0    0 0 0 0 0 0 0 0 0 0 
0    0 0 0 0 0 0 0 0 0 0 
0    0 0 0 0 0 0 0 0 0 0 
0    0 0 0 0 0 0 0 0 0 0 
0    0 0 0 0 0 0 0 0 0 0 
0    0 0 0 0 0 0 0 0 0 0 
0    0 0 0 0 0 0 0 0 0 0 
0    0 0 0 0 0 0 0 0 0 0 
0    0 0 0 0 0 0 0 0 0 0 
0    0 0 0 0 0 0 0 0 0 0 
0    0 0 0 0 0 0 0 0 0 0 
0    0 0 0 0 0 0 0 0 0 0 
0    0 0 0 0 0 0 0 0 0 0 
0    0 0 0 0 0 0 0 0 0 0 
0    0 0 0 0 0 0 0 0 0 0 
0    0 0 0 0 0 0 0 0 0 0 
0    0 0 0 0 0 0 0 0 0 0 
0    0 0 0 0 0 0 0 0 0 0 
0    0 0 0 0 0 0 0 0 0 0 
0    0 0 0 0 0 0 0 0 0 0 
0    0 0 0 0 0 0 0 0 0 0 
0    0 0 0 0 0 0 0 0 0 0 
0    0 0 0 0 0 0 0 0 0 0 
0    0 0 0 0 0 0 0 0 0 0 
0    0 0 0 0 0 0 0 0 0 0 
0    0 0 0 0 0 0 0 0 0 0 
0    0 0 0 0 0 0 0 0 0 0 
0    0 0 0 0 0 0 0 0 0 0 
0    0 0 0 0 0 0 0 0 0 0 
0    0 0 0 0 0 0 0 0 0 0 
0    0 0 0 0 0 0 0 0 0 0 
0    0 0 0 0 0 0 0 0 0 0 
0    0 0 0 0 0 0 0 0 0 0 
0    0 0 0 0 0 0 0 0 0 0 
0    0 0 0 0 0 0 0 0 0 0 
0    0 0 0 0 0 0 0 0 0 0 
0    0 0 0 0 0 0 0 0 0 0 
0    0 0 0 0 0 0 0 0 0 0 
0    0 0 0 0 0 0 0 0 0 0 
0    0 0 0 0 0 0 0 0 0 0 
0    0 0 0 0 0 0 0 0 0 0 
0    0 0 0 0 0 0 0 0 0 0 
0    0 0 0 0 0 0 0 0 0 0 
0    0 0 0 0 0 0 0 0 0 0 
0    0 0 0 0 0 0 0 0 0 0 
0    0 0 0 0 0 0 0 0 0 0 
0    0 0 0 0 0 0 0 0 0 0 
0    0 0 0 0 0 0 0 0 0 0 
0    0 0 0 0 0 0 0 0 0 0 
